66704401
-93600507
1495360650
870897987
1830844766
1496620590
1627050701
-562103386
-621661050
1641911251
-1343249201
-267540688
-1142822286
-705751359
-846835254
1509591234
854604717
-1695465130
1251187971
1461694449
1691055175
549180315
-399318450
435338046
-1474030084
2059492503
-715643177
-1418325110
-1799528298
416490722
-143920610
1648224968
324238479
-576672136
-1159908541
389673460
1709648890
1913576911
345355907
865073731
781788578
-2119163862
1627516674
-1629293157
-1321369997
-144170193
-517662518
-349894076
2071053592
517665207
910096147
1103801824
-1098468379
-1729066523
1763226308
689961880
-1875337993
-2068627335
-2023580359
1189132696
-113249126
-614431387
2011487047
-1840856644
-713712150
1541987745
1642151036
-1429618293
-1763910212
680863291
1965343403
755402083
-1516300354
1716810929
1529585063
1140015862
1763949020
1368860802
1990369101
1827247860
-1271858715
-1110375934
-239244345
2019961353
-307738258
1275417198
-1786189297
2062102794
-1690590218
-1621255873
1624619186
1348615274
161946442
-704896318
-1127306538
-331019534
1892435499
-985564184
738955646
1208767409
-943491795
886361946
389076235
-456475856
1339085281
808222672
1546691333
-2118555670
-613823434
-1269460061
-78990309
-1799951878
-765887973
-2071083616
1664347752
-509580778
-1546072727
-450015458
-1264621577
496653243
-1789279232
-828719278
-520712823
721219241
-418187729
-623610911
-794398315
753703826
4925273
-1799321930
256149391
1844226062
-2093302572
-768785131
-1490202771
104263121
-1252835564
-1652980752
1868805478
-191778530
-484751096
-1149409927
-1382012420
1241543294
1087343043
-1295948808
1877653052
1698932653
417315935
463123933
-989097916
-2115596331
-647448034
-90087655
634516486
-19294466
540740305
-1721400408
451494986
1569389763
1141872509
831442802
-537872391
-1420381623
-276667590
1441400659
1695160215
-1757306003
965045854
815142776
1347964689
612622140
-1384372261
-557632788
959371192
-1431809113
-44953371
-1366566798
1128218253
-1925181321
-1746569513
597217428
19024574
-493730434
810116951
415135996
1601079408
-1315868657
-454016329
1490219265
-1805239361
-957256785
1258459294
-1260258428
946012162
-1765713397
809237223
450669053
-792357037
-1633184211
-1763536184
-80730928
244624974
604841706
-771046346
1989158117
-1554147305
-1939250017
-291726456
1022816887
-157923679
1941292572
-709541542
-1264190165
-739245266
-920844065
155832500
957309283
-1006720239
-881317756
580840298
-415109420
-1936689989
-1587619460
-1787121467
888570965
21922036
1387821821
-785581470
1106695418
134134888
655733817
-203160742
-1904022943
1917048164
1542074577
-1820205661
903608395
155208162
-79613812
-209102411
2138068333
441307586
2113855043
-1879096208
613264776
-1085626022
795583008
-1954078916
-113524553
-2062385104
-907681017
164673137
1043547143
2144407557
23718739
819870201
352958284
456695830
526836933
-1174356940
-941341646
1418131613
525541304
283327259
-1869546862
-1578661219
65083801
-908421209
-1727595002
-1368797217
886699671
724770675
910391487
-1615911113
1689870998
-174420832
394422165
-1293700853
-1099821720
5218296
-600861857
1170862101
1585526334
2091825493
1541229444
2128163431
-2115306916
1279595075
-632048174
-1460992337
2032163596
722108132
1873069965
1811169724
-1754583340
251386132
1985887179
-1995810752
-930385430
-179406388
-910943489
-591523625
-1594578457
-166239029
-938235950
-1545547192
147935419
1472662130
1161282873
1415189001
-1445102879
377799663
114633155
-1845057784
461974738
-427594338
-779750350
-1493957464
719721406
-971324501
100758861
2061869577
1139512697
1124558075
36061940
-533524084
-623416397
1340973132
-483792780
2146536597
505429612
-94802022
2007156764
356775827
1188229542
808994244
-1906966000
-1680301507
-1786078629
-1536191889
-755207076
-1202960355
-1463923023
2130518058
-506517428
-694282927
220153195
-63131437
-2032353030
727233424
359987363
851475512
1949220647
466658155
-2079572042
-1914669824
1658760782
1092117973
-408316802
-285313076
749244150
-1269876251
-1069680698
112969880
646517320
301429465
1067526394
608076391
-422872352
1632479837
1871389982
694934815
-1026279705
208294669
-1959649023
1642491313
540182369
1519087416
-1080986959
-437402500
844417219
1870426087
1286676017
-600896013
-1075826488
-34701283
596441449
476879228
-110750332
1861468255
-1028285603
1390176923
-2076307016
-755747210
-558593375
528234575
1894619752
412841331
-1512022260
-1214546244
-1980048981
-1599454734
1894042284
549619465
-141434175
-1299728733
-317866503
757565835
-1421831318
-1188975354
849615692
1364282914
108967541
-1302040971
1805495697
983101155
738016150
1234039143
1154045499
-1523408649
-267347844
-1641994510
683386488
1484761026
1161275171
1921129617
2001688486
-672541113
-1073638042
512488999
-2117052668
1336623818
-1498760745
670958659
-232826708
-2048192330
1307664851
1286437541
-2054740544
1002599617
-215946032
1564314369
970725859
-313829555
342018296
-889722878
2014413803
1712077073
-1857411845
-864291695
-1577591340
774585848
-947360992
-1952767146
479334391
-1760787896
-402269794
-1088599426
1553937274
-1315037689
-126170071
1032843199
853116938
-271156583
1113295566
-1762668391
541233351
-1274028371
1253159427
975973085
-1814066048
-701082534
614172666
2104985970
-909591264
-831828604
-488975563
1968314710
2057384551
18131588
-782104994
-1971991837
2041842652
-1081932024
-1083714216
1653392211
-766548479
1018523958
443975569
-417406330
1774479048
-1518407913
-1670538343
-106209022
-705225402
280262194
1589743608
-273692102
534784165
1297103223
-575740613
95278866
-385000865
199323999
-1009603248
425061538
-1303525463
1013842512
-1158923245
-1324072134
1401486892
475899205
1320209704
1855650213
-2004332550
-1621330258
-1814875382
-756836174
2004118207
77402004
2096030564
-926496017
1664658998
1438682368
-500763489
-672052041
690025951
-1339217507
1681842364
-1997973393
2099104238
-352170596
-1174658718
1145574156
241576838
-446482217
737999162
2004794583
1173188647
1757391673
690093690
-1330140556
1284956259
-1823199396
-378717504
-1646310880
-1887957545
-1768821901
269677600
-656295623
1477842009
-977789847
-2069531776
1626189315
77150830
1760010058
1074158626
-967460440
1807066366
446377186
1365076098
-524999040
1757352522
385166243
-1023565727
1703802515
155766813
1878932427
1948212257
-1528183205
1846698305
-1912741435
870754643
-639658035
-401308108
1640559312
26403982
-360920678
-410411748
-1099454498
-164782974
-1246773583
-519598857
447707838
47977036
2058811912
-1150242794
-1916063364
-313005302
-729828708
-1142656565
-319964153
793306802
-796187722
1110414177
229820436
243445791
-190702225
1002916940
570044227
952572524
1964153205
-1403405919
-126246017
-958505083
1454069774
1823559879
1922186665
-35900422
-395982500
-1571796625
1469960824
-1149123562
-1729181981
-16502079
-1564331622
-786829776
541253960
-1895749673
-1466518753
-668053952
-1113897381
1897355118
-808798441
1263070901
-1573616809
-292760870
-910034055
-69225852
-901208217
-498018246
403041350
-893137788
-2094364052
-1998779411
2008633837
-750725128
-1207419907
-1368631996
1731068401
-675518867
582409903
-1216982408
697464264
-1704978746
2068476821
1524209630
1537698822
577079701
1281382922
-1257361832
-1463027782
-1875065173
-1020557395
-212007665
1806737944
-1254430735
-2051162963
2091928158
-672628137
-536339079
-1342621626
-1369710575
-1416007716
1122066127
-1270173302
-310616370
-1191529832
-1523360363
688101476
-1803658029
-664545875
744066382
-232201511
-1085871135
-341606313
2024100985
-1442125167
-225344905
-1804568311
-109135134
1564417686
1403438147
-2008729898
-1498339021
1490849114
-1882006059
370713874
-2096362031
-395801858
-1774622827
1953299769
-962037019
-202311727
-32504841
-497558770
-90041928
-1163531498
-299356948
179629831
-299708605
-1289959927
-599530341
-1880689944
1384549894
1954738980
-1170719408
916505773
592728344
-2086218338
-1885606732
-110441556
1142467711
-937317069
-269525442
-214496261
51240641
559247914
-904988439
-1214739442
1496543162
748547476
1033341991
1901654181
-935302992
1849987537
821041173
913404644
-369591900
431675224
2116773103
152736963
69050346
328671670
-1725489723
989345704
-172154373
621572310
1702191726
2141059409
1596978314
-447389053
-1711733571
956431095
454286548
-1911601109
166454515
422737584
-1392253892
-1140173594
-1433788045
1795475220
-1205079786
1121986485
1494486460
1706738979
1966905538
1995585038
-1719393134
939892838
1778482941
730192536
-1837799042
-1281649325
-701639053
-1580463054
-242619015
369632757
-1239951721
-1778450119
-1670878493
-1682655028
1314208439
-912243958
-933024582
-1046363663
-1481105846
-242879035
1699329287
656857725
-1957901684
-468821932
-1979066725
1435658795
-1896986292
-1547910997
-1965279749
-1511536836
-703540988
1291032656
-1945934440
-2021330790
-591503830
-1498211042
820252995
1801930304
364056005
-964892091
-1733301025
291038168
1296829762
-889680492
1195661911
1288077733
-1428868217
-1745507078
762903250
412614563
770611016
-315850679
2133434149
-362545428
-1752910182
1608885053
-636859511
939076956
-1838480443
717128637
-703905139
-2067912840
-2142114979
1850732640
167660365
-1458367349
-1177639021
634424114
-326261020
1525571857
347894984
-2077940553
-2052560610
-291488935
-1197212829
-1267907793
1452222578
1463727717
1448018659
-1522902501
568801583
1240905492
-1149517257
-343640577
-1326848012
479989634
117727564
1113022570
1781032804
949316783
-637239320
1381990451
-1867225830
1575418462
1087362486
1630403076
-1962378789
820568383
-2144714847
796906780
1326115082
-966458545
-647836060
-1874057136
1731748704
-676750721
-403133854
1276744530
1269547227
-1596678765
-1098260302
1700497461
-1953307145
-243921075
-63345282
1067198768
2146453531
-656041014
-390391923
-62931295
-1433680554
1720330283
1091105053
1358629205
585941834
-384288650
-626028043
1843787014
1650641256
-927576130
215703227
1068003108
-1363080611
-985354622
-433950334
2111268312
1422168267
-302509229
1907095463
-764136635
-832306372
-666017352
-1760618275
-840894192
29569875
1549161301
-1286554747
-557797342
-1703678908
-1178757303
-1207387582
-1084100436
1800451205
1977811928
221011660
-1765820821
315979461
1448525386
1535456773
-904682196
1101350429
-1912308462
-692547255
1370067346
-232017532
-456243151
926238985
2019316247
1010522760
1399348188
-878537574
-1390404528
-814562501
641601884
1740901194
1769927284
1313572714
1145172533
1500783284
-617618146
21460245
537483658
1687666261
-1304810159
-1728956390
884361151
1510122590
748774077
-576352974
-1288156065
-2073170997
-1264037312
1483288609
1234676288
-1893812300
1804351662
-1071187671
864819685
-185805854
275932629
-1929454145
735235619
-1992423772
1717472187
-1207056255
1724751622
1887710179
-1666695639
-877298586
-1557168396
1612279156
533358188
-559745226
588815891
1329015981
1959767898
1974732605
960946152
-914788038
1951083923
498337851
421889856
-936775375
50120712
-1863124066
-3064749
-1481963934
-1439357759
-1657180174
903074085
1527522548
-1727717926
-1613829224
397240367
508995373
1300300494
644861621
1819730239
1639645840
-1692390921
543875181
541307035
-1716274644
-322595243
-1980892335
-1448639380
-1145789902
1988539790
-804483819
1227250778
-112047927
-921601483
2105662854
614201203
1580636190
-1629268402
1776046266
1511111760
1022690750
1318509073
1977489544
1128824698
1428284199
-1784284434
