1538459962
-1481782263
-1489656933
945506001
-1218280063
-875916658
1778264887
-1903392857
-689982039
-1783406030
1189968708
-1789027553
948534797
736137247
934694861
-1661828428
-1240536884
-111742690
1033667185
-2115768341
-138152260
896534912
-353876358
1975111897
-323089506
1763366722
-431451603
1273209064
365848979
-849569173
1340229987
-1176600103
-1746636850
1231765433
898563416
-441097972
1556648075
-1338945156
413619650
1845996799
1388065344
799380160
1222801189
-24682732
-610668527
-1637963599
1989474917
-1146659434
634711432
124614203
539969948
-734037507
-462605948
-133231120
1015313965
1484492657
1104821362
1081171503
-362816487
-692091508
206327227
248773505
-1082055023
-108905628
-1162343299
755019078
578521547
-2135056696
-1054374020
967680144
-1787935207
112358344
-1559838630
-1542101682
-128333770
1587712122
-1429129722
103750060
573962979
1561104635
988357234
-340564038
623091122
404768692
1387814792
-1212073653
-1654934240
1288924638
1623598942
-356563425
1495099369
1970427975
2104239015
-1538924476
-619979368
704689237
361267308
-1548836168
-445451683
-981823157
942798332
-476191149
-1392323550
-1253688885
-1320288735
62136547
570416351
-1104436837
-600266604
903058072
551894573
1546546091
1487979186
608757154
1414418969
-319566762
808601198
-101997544
987997499
-819082264
1578386569
926263323
-1975120378
286895456
1616821761
-1918965189
214132064
-1263043210
2107646150
2004701721
-263867276
1178406366
-1135518797
1954442572
849800135
1353113806
1305656763
-1546964856
-1482655863
-1183987522
150672483
860104445
-802208467
-812629906
-774521489
-1186548740
129633851
-1081426131
-1128030240
-497923360
567344228
-2050323113
-704757731
-538001109
-2126841130
-2015699682
-1430559889
413343470
-1753855790
-633066611
-1574766926
-1143041682
269951355
1376923082
2033200201
-156539900
919112943
-982200677
-1733163694
-1591860411
1180741275
53805099
-1087456742
-957264287
-1262803766
-989960692
-1934576173
2044738256
2132888959
822811519
-876930684
-530969046
1328645253
-456189453
-200345024
-1991249322
-1246515516
1075119051
-389427558
879749095
-254105899
114710372
-1627865257
-1756374334
-749248809
-63615402
1665388389
975363331
-1835283581
-492901128
1208946444
2077010977
33090685
679478825
-1063301534
-1278876593
522487277
1314928461
615711492
1921353253
-1201119410
-555605866
1373066498
625652351
1451629445
1129864580
-1748203749
443269285
-1049100747
1016267182
-1026806231
-1375858005
1357394513
-1216242238
1287056350
-2047063013
1958569458
-998108983
1549181104
1598475984
1219809130
-688608849
1262307602
1278517796
-1259409512
355622146
1855453668
405350477
1171629437
1602884346
147894315
470107652
219637519
196497849
-1068439548
1670439015
484225869
-510867502
375533269
-295447265
1931088275
834501391
-280419130
-710684475
-164482514
1888460654
-846552721
-1788958847
-884931533
1625709165
1695674322
-358673420
983684236
-541591929
1256871307
282329175
1171245651
-641316099
-491955898
2013314532
1407276130
-49325095
384466032
-1011954060
349461546
-1453754833
-1394320336
1459627113
686444996
1605258406
424308120
1590361293
-978295483
466409526
307611927
227981243
-1623097003
1154613554
-685590222
417551101
-1089152254
668226697
1535639667
-509908234
-1283118383
-1473296056
-2042099039
-1792350782
23716630
838785634
881294640
-273503077
-321063035
1007974579
876075771
-1401677954
1289554440
1136302402
1188835120
-1777012979
136646866
640443334
435745674
654780598
1032833459
-704952981
165651910
-1049771755
-1192325459
1844734933
966377551
1468684439
-1012899896
-1682674588
-960624069
1884649055
1202664994
-633889862
-1925811590
1906152812
-1710820279
1285151097
1823205964
271015931
-1514502195
-1826565039
1655763699
1762377001
75567119
1289226809
421188266
741774556
1222516319
1052117243
-91970347
548629988
704996166
850834166
653703545
1185106524
-1044685537
1976470559
593491949
-1299618218
-696656916
-1755884728
792082641
-1739408202
-1992790426
1607887781
1466813247
-1537837474
1269173333
1409407627
-1538811584
-473192565
-224226782
-68100743
-747069567
-283967618
245096874
1236360284
-1725649850
2096713310
-1990476716
508279822
995203487
-654178980
1276160613
349361439
-736659752
639046936
1647149970
1890980568
-1574611659
-991048126
-2090832682
-1687683460
-2072400930
1749461124
295395205
-708068655
950568728
1126699935
-1523216991
939537374
-772213066
-1668106540
164509548
1715996405
1984327630
-483409276
-1206991298
1614374643
53089710
-262129638
468926616
-531529530
1304108560
2132692008
1646095224
163259439
678741133
1318078160
-1171772178
-925846328
-524058289
-63011227
1832256495
-1126324408
262305547
1020561489
1615767912
-1356591354
835537965
-965796808
1993158294
946798523
-1013324972
1794647389
996224148
-71121013
-2049923328
-1640853948
-2093295307
-968342202
51469449
-400600423
-1071442669
1923145450
-2084720046
-1416707248
415090408
-458957716
-398328514
-1338021619
1665538075
442903223
-1574446749
706619589
-604412258
-1267873036
1927651837
-1974366556
241106934
-1983221236
521729189
1827955505
1692924314
-1326769046
-989219902
-33427793
1044626049
-1264018939
-1858716609
1798868678
679152118
-1853008227
-1434402178
2111668834
-257116242
849011268
480316044
-2137583653
-530304741
-624886241
1912401813
-1052743338
-1473013758
-1590546067
2034069145
-1897073814
-809488821
-1895945527
907880543
-1350118906
-687265001
874148267
1128828586
953081745
-1600238312
-1517933516
1945579690
742552146
-235094500
-1111622358
-2107057483
2127402001
1537088489
1753300544
870874422
-1971941378
1185856080
2067405467
-291369243
-1550189870
673018492
-1603383919
414703160
1797036340
1896387466
-1229551181
1037501976
-580204451
414238814
2132200461
1615985112
1366510846
-179042636
-479060053
-1346151326
88452192
1155521397
-1871145633
1084921523
1171944397
361474123
790000577
563536264
655233582
-698309001
-1806179465
311211609
1983719413
1908327137
-1541104714
765254534
-1887735492
2102044528
124474120
1801682896
-515068370
1688372636
-510855089
1050220810
-1218892379
-201558464
1330903049
-1639581169
-1072833003
1454015156
465834453
163894262
900860071
-659707109
-254574027
466589316
-1887757656
1933737464
-1813609324
-1785371679
-1261887196
669455623
-202215029
-812676209
1379719886
1157860170
-239207073
-826883945
-1073576926
274415713
-1643619634
-384237820
-524631603
-1090618082
-172407286
-1344023403
589122892
-1378267816
-170378235
1979580589
-469284910
578134783
-936812049
747020174
2103531374
1985222257
439542012
-784378682
1718088301
27252747
-1017791894
1632250088
-1650295556
-919099647
1339119554
872091263
-1166271214
1498341746
-164013219
151536192
909863052
512164278
-816220887
-1570506114
-666611304
1553145082
-973389907
-675472926
2053240151
-931383537
-927045302
122411354
898379966
381058942
74689987
678075729
1081548732
396676063
-982555650
-1882559967
-1921455455
2032722794
-1974426613
1578478533
1463059902
-155947058
-1895413403
1070286035
20858696
-1002985663
-475310728
1934039208
-707168383
-1064827944
73954915
1200391396
2050768665
2058001432
-434063874
1991933464
1371117520
672329932
-745827042
-648526914
1007100768
966804504
398399255
522510185
231672986
-2026844722
-498040446
503505725
589059791
-549232385
-1503996865
859642784
1798455153
-829073707
1294351805
1844979761
591762936
1681117856
1327239032
1047539704
463023626
-1638616275
1181152963
601957599
921489365
-1396914850
-27820601
-303347103
-650097985
-1010955273
-845080373
892138368
383946305
1613902005
537150389
2095426556
-1310790384
1988260516
708735951
1007042753
-1067913603
-2045794894
-1855921714
-900441184
1149850141
878843774
1362849808
-981490110
85273004
1102212469
-459722459
225552473
-1398657746
131715104
-505392495
-2046765801
538553686
-2033649738
796880847
-1581089821
910018604
1535831544
833524119
-1925279670
-1890925591
164731198
-290824861
243498291
1654174757
962028748
-202098385
-1303939242
1087360307
21142121
-1635096703
1084752623
897845707
-110345934
1706516392
930062510
2033387242
-2060085845
-1941445049
-371927567
1055472117
-223056106
-1964266987
354747444
-1249778396
2091918855
142371037
436257735
1439133213
-1284648904
-165420852
1911993794
854588127
283370905
-1776741909
1956970806
-2075363103
-1512398165
-936274967
-1923551323
-1279364486
-1879065586
-401865698
-710452045
921392771
-901171368
291819468
-907023076
-1888872902
-2106819289
-2139693401
-714587928
1519533417
1558968441
-2107776618
-1821666083
442624199
1989072698
-1937225285
1587447605
-1201520995
-751058914
1721969585
-1824656495
-137867860
-1335324239
675975956
1944787501
-2020968883
-1713471829
929892933
112625236
-167722534
2075335560
-1913038226
1447979029
-534197172
1632383320
-1319516221
273438006
-1391713243
1481468371
-726643189
2028578152
1951548560
-1800656720
1006346590
-1927225924
871730629
-1709758922
-897255632
297131861
-1230708814
-878403822
-1636639859
1325780319
-388908329
1586703723
643667622
-1575297473
1610943345
-1525244109
1887823499
-1701868533
1964180186
-336896576
-971566791
-2054170564
409510703
2113944218
1944687319
1878955682
-298589901
-1506822762
-305402820
1873802135
-523141006
-453046237
95114677
1963567479
821693865
-924139037
-2058462716
-965961393
-1093035164
-2144525699
602906026
1288878804
1540629737
-60465999
556226152
-263743595
343063380
1481768620
410400515
-896481932
-1693196029
-1355564131
1017959240
29299794
12302131
564277895
-1265188785
-1296538871
1342628331
-706359720
1795224835
-1336586337
554518040
663163707
799485665
-1381157193
-97516039
1408560426
1829527295
350107210
195059645
-165096506
620651343
-1505351785
807621225
-632760470
180719652
-1845705640
-412078849
-1179325571
-486224395
229534517
1673948124
2028864007
1180127073
653932413
-1757837215
-1868903290
956638067
1701666835
603430613
2060924418
-514010
-1839132250
129633930
-1153897889
900669739
-6342620
199063613
1673821937
1770321641
-351933585
1401994946
-1464594347
-729914940
480801617
-1772032544
296315262
-1188002399
-1050143059
-1721619591
1576208398
1819754922
1827547640
-1701570834
338465254
1658468430
1855197414
-1826473279
-1728540672
-823405685
-2074269849
1275556987
1176142459
-1075984017
-252590636
933590735
1612030455
1765467355
-53881755
944753151
-1780096477
1970149002
-1700224537
-237244802
1638795667
1757090385
-613224022
-515996202
-1282477354
432864424
-528255809
1129817547
-1500951865
-733746072
1295065699
1099872704
193749027
-1863170859
-880925771
-100624806
-1645619108
-888722465
-199407953
-1073175709
261053868
1500749988
-362337197
2065186800
2011470444
-1666451911
-793270748
-748829500
1329403301
-1967147350
608106199
133089526
397591783
987640382
1205463626
-549483310
1278699353
-1778499841
2000615605
1256959741
-1527251439
-1731990408
-436344546
-1586327589
1175385509
-215535680
-2085443822
-305395916
-399059710
-385168457
1201880977
-606056427
1945666939
-1004340849
-1123272375
1949847284
736987172
1333761422
-35800057
-957770217
1130343521
537252881
1054817130
403950645
1360337849
-2023636269
1565956313
1031493981
1001443055
683154031
-1901399882
-282624490
586989651
870655011
-448100653
-2102904633
418672469
1167964118
111052325
873110873
-1145337510
210998875
1397655478
-154631398
-2011837486
-569465865
1086395616
644525284
-139299958
-612317408
-2014996297
274911101
-1326527170
-1229820025
-1658358585
-1726670271
-1948730510
1333922136
389098750
1935615486
1668498817
-1525620544
-383656213
-295408098
1338803189
-119785041
-1069123543
256292875
1318419993
-1528193057
1082875925
-168620850
-1310602035
1662628628
217221318
-1013831431
549328537
2066019236
2107972414
-659192121
413776131
586830649
183972572
659056257
-755944668
-93352491
-282633195
48134434
715924856
-609251562
1728760419
-1217392322
-1459946762
-1378654278
-1754105476
-986841569
-1840410784
-1294559386
824487367
-569019088
-1573034277
635416226
-351696885
965651870
-652522814
1726123304
954245225
-102297029
804872118
1697759326
-541008756
-786289242
1660422393
1072219679
1073935646
-861227863
120401148
-244238399
558521981
-736144671
1726132022
1593909587
946309294
2098011556
-849202378
-569308890
1795795601
103010590
5340411
-2069075058
1642433622
-1500628035
822346371
-1100501271
1515849007
-1814332465
425427617
1123210208
1676812359
-930352280
-1222986477
-856660500
-2018501391
1763645064
-81106989
-1272156132
1846263332
-1012041859
696425901
-1111000556
1480695079
283948422
-949059055
1000722776
20476808
-80662087
435897898
-1565285686
-987983790
1255910950
-87082194
-1986877327
1143008382
501168955
1604828663
-11636869
1205375657
-1813112983
1569834963
402684549
-1433252345
-1868405497
-841336681
-1407335400
944493719
-85861769
1961897466
-1698994825
1215357080
-217460602
-1538982881
1873831319
703458619
-1167895784
-1663394957
1750529134
1600490137
1010112516
1642766265
1158649456
1121090790
1036222524
1864174690
-1228077994
-1781523737
2095908657
-1251501535
521650976
426090401
1729348725
35865023
-1570457507
-859282606
1777001377
1047470123
-1735770454
1632907172
667498104
-690681900
1507032695
-1170726112
1871725900
-1248505029
1760169744
-1823877152
-1085701728
38063299
1992958939
1129824648
915504910
-658456629
-1502230050
-965806474
1023628907
1026197246
2120219012
320329784
794072872
735914985
-707755872
634408766
905210619
140831693
-1056044878
255954384
-267989059
917091766
-2010399384
-954560959
-138474603
50001356
1445746534
509067365
-274022570
1773945320
-788230327
726899263
-441369819
-480789655
-1155318551
662896639
1856043359
1041513032
751150814
1568388906
375350201
1119524202
-1295858107
1427265818
728581799
1943444533
-1981775164
1983936681
-1162569982
-1894410907
1567763146
1767567145
-658870812
-1911728352
103787547
1194034326
1369071318
81022023
657019019
1694525198
668896301
-897320178
-1699478775
318186881
765074864
-2025529138
342253791
-722460252
-1587413634
-568608999
1610554167
-2081247958
1545207598
-1952614897
730950880
-577157578
1934284088
-1355765777
1306306642
-2069846262
-1877509998
265806320
880812527
-2144625404
-751901026
552236625
1494022795
972610251
1283545410
-1008880721
-871657938
-1511573051
-1873912488
-1013824106
-1709012200
569908940
747858761
549358169
-706087676
885454368
-130488844
-414715355
-1194026831
1147665054
-757750829
652917588
-1421954147
-804275150
1052730976
531668990
794350611
1997019529
-1180638283
-508802858
9581928
-292642549
808732274
-1065838286
429268096
-243036920
-632600606
-1688721301
1646524567
-1617965264
322717792
1002601574
742542397
-790896824
-497153545
-487466637
1372103330
-1361559269
1169289544
-1797407915
540874003
-1254885970
2021060784
557534113
-2050612028
-684962890
1314750889
1256089931
1455025359
1478804302
-457748368
-2140465795
-2074087300
1512896740
-746357272
938498474
-1156904509
-721040524
1256364990
1459813091
-603636722
-1550437895
613140173
-478179735
-283152574
1607693343
-2037480510
461423490
-2074913024
-1792558532
-884784637
-1366296944
-1610216921
1386031233
-1543067444
602104158
-2007101795
-1211958932
-411430245
316570813
2013781327
-861582464
-490349874
423520079
-152034699
-712534472
-301964919
-425368158
-2077540838
-1717765576
682027485
349556608
968214747
1878581446
-1035749850
941489796
187834606
-1163551113
-819001676
-780398096
1619215206
477498669
135192236
-585524290
-999983692
-1241362112
-1097616592
959220468
-1574337680
277822970
-114399043
1145825084
348099673
-979169975
-597802283
-602132045
1351278234
251748015
16493021
1864400641
2034743631
401846652
-305206457
-1950703959
-1042164922
1969409599
-569354253
1010164641
-1917808119
-1718037638
811689170
1767727652
1030479132
1640683924
279228876
1406645959
780917122
704930323
353704675
898607818
-840279674
-956430838
-363186280
420628912
245695671
-1341384753
-1118114675
-1841284078
-122979277
-857134095
-1435176085
-80118865
-1219166424
1055636840
315260165
927446214
-1139977320
175464718
-1346022979
1694296231
1407252315
1599945806
-1795091418
-838785657
-458433174
-50416870
-272332309
1331914644
-667534503
-1682931422
1129058030
1173288777
-1129108699
-1594379710
-1868196172
810014978
194323759
-1592971717
1510006783
-106552878
1425184392
914607013
-1168326980
-1791933036
-1073932433
-1555554780
-173760481
-394677696
734397975
202535897
1893707020
1017138303
124488108
871806492
272969400
-1633640064
-1042005608
-1606082201
-1876944496
-383000052
-2009062143
1755973780
-1213865383
584055511
-1046915434
-1951787189
-796720744
2064080409
710406283
-8665163
-853423821
1703105117
-1189606175
1779826549
282488919
365681305
917605866
743901143
442857884
997034877
215313164
1789285706
17291111
966713871
-1414756923
-593047029
140669584
-506728585
-1289729298
1152819235
-1357056188
-1072665065
-130702269
-1974172013
-803337173
1754633182
2120678946
257064396
1714509772
-1639303714
-2005768814
708841316
-1891764176
599855387
937230983
-538018553
-981839675
661277861
-1900187037
1570497195
1148473989
1914341608
-1871526208
611436551
-208428457
1260589121
1007037548
-791227067
1512915381
-1117520683
-95322444
1675271925
1486265742
-168138850
719669989
-1644315323
270542700
-1799752506
-783480817
1879548527
1472060633
1237471543
418940684
-1681988494
-962174721
662074738
-721559872
443543044
395807886
-568016480
710367393
-1116124474
-386295838
873219814
-613080711
752091833
-2046278812
-1705192963
-617430422
201439472
-172252625
-1282110719
-809720270
-1104051833
1805675255
41369224
1945251504
1242014419
-278269146
671654902
-2087379289
-75254310
-1878640569
62141710
1281317824
172218885
1352571815
2019715788
-1742451499
588967955
-1485425607
1692693363
1790138476
-656732079
2051070650
-1289964063
-981121151
-1063997433
-6532076
14399017
328634504
480127541
1946631687
-456249501
359452337
784244607
-1471700474
-632129859
-1335498387
-2146279067
-1041411490
1842904022
961785904
65952950
582645149
-372180405
156167800
90912582
58647601
-412766063
14236686
1419252958
2023308367
1065201668
823463308
1675638643
203083797
-1255269824
424659230
-1490162021
-105262606
-1276584017
-1466834036
-267875780
630154053
-692038813
-1415231113
194135174
-967481020
-332421082
809670882
472274722
951208991
1749396174
572124916
128364459
-1184955292
-418361900
1987333627
-1869875363
-1445586268
-2013472217
1534517172
-238951925
1023442263
-1580607170
1356961737
-142280618
-784379652
48565356
-709428582
-518631141
293609092
-1528756873
2027097152
-613618131
435880944
1079194730
-430724146
-1823231933
353422136
1914994346
-787161383
1625167412
-71758993
1634448198
-358100678
-2045953183
-1454458845
-561352557
357797137
975292785
915129097
1857703672
1998237453
162451779
1768600537
1539400966
1924242155
-330514656
-240166281
-1151174453
-268110788
1124785712
-2109341869
378434151
-240623766
1638997807
-1598376431
1520559071
-1551773956
-406120864
604026475
-1739408847
-913972968
-795843391
-589570218
-1583387737
1872630089
21889151
851232867
1263679344
-1374043518
808915116
-1308490392
885017196
1016554851
683364398
-1835564961
-627712698
-396149062
-773051398
974589325
217948103
387813964
2119766146
689675750
-410843799
-1823328812
912169580
-1029000273
921978667
-2100834229
359374467
-189923995
-125686109
-1511175831
-478528270
598817501
-894894503
-1322242709
-1389726801
1756811436
-716240047
-1938880233
-774970316
1614261704
-1069884439
-1503198724
1452523636
-1819711633
-1093935131
-231985410
66261772
607104839
-755100216
-139430639
371775161
1900840902
292696421
106228804
-41119478
884267731
-1715923020
-1111617279
-1478663082
895833773
-356858903
-169654893
451464431
1919792395
1476258242
-2015991833
1254325655
1109840005
1528228128
-1924628586
1028591410
-1612043214
-774248743
-1717778398
-515999811
-54013551
-2024464692
-190080129
-612991874
-1205753684
-1739209931
-2123693867
-1043950723
-1444827526
-578093759
1103815556
1221191730
1131588997
-629153052
560936552
1267169151
83451084
719222250
718440285
-245139745
-1010431766
-1006960564
-1711290619
-1318880544
1406479222
-255303228
2109360328
1542066382
45585581
-682941789
534200092
1965408176
1285622606
-777363486
536623110
-38099848
-957970747
2136663158
-1389732385
-1142088331
1143170955
1305609191
1119256667
1359427852
936333772
1223887395
-1463146041
-65414234
-1081831863
1396921487
663372945
668324076
30479743
-769759138
314840333
-2075640783
-1284855543
1407490598
1254722422
-368501712
507551554
-2102125904
-2110639566
35771894
1886143790
-1360691953
130432089
1205664545
-39126375
-1904080397
1143830647
2131738442
2065394816
997946430
-732681327
-310325057
-1263955536
-1764637993
940841062
1075284085
1412124077
-1404206146
13645558
-273046212
-1242964524
2118229089
-1718230969
-1788017100
-2089651005
1411992365
-2109836698
-55175041
-1773492232
-1490276761
-986140501
-310186953
248222648
-1915001797
-1403952063
-679598942
1378933041
-501737451
675741926
1856255908
-468264222
-1438314193
-378777106
1202237557
-1921656006
-957737366
-111512692
-245339757
-1545739905
-787924126
1861393492
1916858872
1368492273
282290876
183794427
1968476559
-1470357969
-1318403647
-1535759263
-2080005916
-538857768
-633958096
97979857
286992411
451800948
976623439
1956048775
-1335101149
1211177877
1123829571
-1659933838
-311641813
1747465273
-791662175
111502394
-871330476
-1780465550
554885700
-639307645
314269351
1763341384
-1463498912
1884960371
880798024
-1873714722
-669911593
1914567538
-1345123604
645765330
-294789429
-952832976
1249969288
1031428074
1513900659
927785195
122200906
819016940
1888398386
-1722572303
2135655628
-1883382068
-1571150875
303493220
1623321223
648633868
1442562172
1037424445
-665595771
-361859233
-1423583285
-1465415534
845167450
682562704
900368290
-1659090149
-661196460
1922881442
105165850
-1010746382
903353073
-1458226121
-1732110543
158853274
-242202991
1947462453
-1173998183
-1038154431
1140812652
981738662
-2021176116
-2129018039
-113047611
2091148255
-94138781
-300446716
-1596135841
-1061314076
1128152232
978723775
-1509845200
841079306
-1493599127
1437890817
-645806252
-1417956130
-1201999857
-1416846316
-1143167932
1370717509
888565742
-642786620
1949875783
-1303657500
-2053409827
1481071718
1793334823
-1185262399
-784924151
-2079745508
2060681768
-563584214
-1377487098
-1922883754
1487140405
-691073067
336247590
-618201445
1445018460
-1915507384
738179342
-565000568
-226053508
1494836859
-1789187707
-760331495
-1999126979
-2127287365
-1467578225
-1513124057
-234368961
-1937569328
221202362
797981233
-1753639531
-197767327
-2085842505
76056158
1860171380
1523066007
1908749099
-1326316862
-771564249
913602817
1034599623
-660404768
1989474374
-2086179913
-1313066346
334023791
-1016665050
958894529
166976661
