-249675680
-468211821
1144241849
1040780424
339323936
-1037512772
203568046
42462475
1349246490
492402542
1300846667
-1800491546
-527466369
2090374533
1389912632
33595814
-1446008503
1879305886
-1647800641
1651843176
349759100
1652516369
1349898930
-1540275209
1700285102
29092382
-2005392244
-1625763559
834682314
2101636965
1212466390
1316217381
1585649168
-1415925861
-38721332
1017915097
-1267745441
-1630232710
-1779995840
1778240874
1104996022
-1547251719
-373921859
-1608161061
1712560120
-824758595
254141422
735406226
-432927761
-1957242418
1490643776
508753191
919351442
-2064057714
-145571642
1598244479
1042236810
1374149606
-439415971
632276761
-66953486
-1906790463
176693264
-1462200153
-2028613538
1670494141
-623538499
-1831711264
-1236286434
1935525152
-314616584
-1587221100
723813060
-1054653432
1481530159
-361786624
-1754452254
-763083290
-1694162931
-109756573
1662515479
-170901716
-978504157
-651382576
-589754291
1810328645
1162639301
-1892265402
113496635
1488654789
-874572494
1723373821
-1205338063
-2003498015
1906434295
30696194
562494484
-1408999135
445283988
-1092080890
-365866586
-799661
213997407
-692968079
-782430198
-162893373
1137408424
1355717309
1787410311
1556493224
-1773091299
-1240395006
-1357987957
1724013024
206376816
1225533132
1895692531
-1969979168
2134970422
-1643837132
2119389321
794100709
-1478337774
432873262
2063578573
59201135
1394059538
734869534
754264568
-2090204945
2097228376
-667731023
1932933949
-1375914818
1252179196
1156341994
944468049
1430924113
868232753
-1272757637
-173709266
2019869867
1960438182
2056938582
1754968594
-12314350
121289518
-1263468926
-954424883
1227223557
-1192393054
2070487346
1915659324
-1057202580
-1971578363
816023058
-85993456
128177681
-1832485399
-935943452
1950281428
-594304946
1414817810
801886539
-306406867
1520529928
-1854360488
-1429823513
2112948578
713848539
1337526225
-14180191
838679326
932395414
1298793007
496846919
973678453
781918185
-1064132251
-955600038
-1007942108
-2052625059
-1037059184
-302685146
-1575209700
315163011
1729803029
-540520941
1658356545
-426818192
-1234908922
-504643013
575988590
1905654888
-1909804599
-157871812
-1227830340
777186264
570052603
372897358
-417479420
-2097049975
991869329
-777445481
-8327519
851068691
1371859776
404383677
641890938
329631119
674090526
-1481468739
1693082943
1645515919
-582454391
2033168379
358215409
-1471282862
-1403409593
-1940370535
-1494902872
6869812
1644451822
-1131853557
-410278768
1404274275
911746438
1749087467
-727748300
22609367
1573029484
-2061530103
-1660808962
256499843
-1978131847
1354923462
-377158402
876746184
1873470562
-547291231
-1499723286
-616229590
-2101087903
-664418798
-1454423451
-547160763
-1105373419
1487599254
1622098308
-2059164159
-1251759194
515548939
-652166771
-166452732
1033133100
1489468989
804115201
-1203346584
-226458287
-80328256
-1609764
-849741907
454177332
-624255745
-1681858790
-471855375
1332487568
-1676292715
745849981
-1856224674
-1696952035
870899931
430585997
-1681469981
302866229
1467956929
-604150560
-980668123
1383789243
270613985
1568612507
1278307256
-1806401224
979033297
-831176
-930920311
-1016894650
768883896
-359787639
-2102760289
-155633871
362721571
1315696891
-1411048190
26350042
-1432192743
1375839519
-1773998086
1130625502
1745253740
2089039718
-1345462916
1074985208
-450072495
51539244
760177377
1977946019
-2022585805
-1099638793
1486335449
-749291773
277716931
-774241281
-99089762
-1248125691
-631063213
-314012943
1694552428
2007072452
-1750273180
1641615087
187117359
-215268050
-950624131
-26844709
-503536258
1880410087
1471972413
1904368853
924814792
61659757
1022570419
224537601
951675852
1628800892
-1971149075
-1671622003
2135161678
1181392563
1531054030
348449522
1520755975
-1626277770
-230274524
-1987057799
-1088729380
-597978090
-747344646
-1765845248
511294291
149025839
2054726953
-1528335875
-1562776510
2058706257
149512501
-487033917
2023734472
1800985314
158742101
1890157572
-1451547007
-331731390
-613414189
1525298326
2020140532
-643298256
-1325854314
919050105
-357273008
1730432107
1207986941
310259993
-621462440
1555492764
-1005158675
1614957263
1949067418
-137289869
-1167825875
1859938733
-1815643930
-643986161
-1696470800
30403962
1419745534
1653461410
-7663437
-241296389
-497778038
365606228
-183559351
1024990324
-690148274
153583720
1166043443
852928366
1796716702
1301723805
-30551755
-300519751
29710096
-1826554666
2068003621
681869748
1375079795
-398149380
-279407611
-1133104693
766745600
1370496035
-1343000748
1060911936
-2097549105
1924427499
728820128
284767790
1660870284
-1696294872
-971857824
1889506251
766642794
809936325
2084754176
-1623479315
1081689430
-1583710235
-321846980
2138218191
-155401104
1068902986
-936797520
744951572
1545202870
-1575340038
-694119504
-1264519157
-1974819326
-2014882529
823128917
-72997837
1798990134
-1786246354
-1853313321
63244290
161578421
1592795980
249914914
-781450014
51517972
8735468
989058466
1183012987
1156209681
601546428
-1595731614
-824165321
1834568643
-609943615
-2047746732
1397487874
-774611437
-773499200
-1573275918
2130834257
-532796822
110504416
807953413
271840102
-690600021
-364992372
671292099
1330916817
1679131747
824545694
250320671
1188614201
-770118081
-276457543
1334882653
1445271132
-730768194
-1485232139
1396263396
-360699053
-1168870618
344553154
1299291735
-1195222246
-1249423941
-114886907
9460709
-1243260848
-1758835154
-1374707833
1590297312
1009556026
168868692
84517519
1474195340
-2107173107
365307927
1839168460
-136995783
-1961107860
-250686031
-1913358215
620621972
2122799151
-1378908906
1771511227
1269805625
-2073613467
-1776522319
514396492
1920887435
1978601884
-1577697453
2097834078
-222669368
1965103711
-365458072
-1380941639
615591767
-1318575361
-2036084373
-1741764570
104787812
2046527126
-1372782949
603592208
1647594926
-1853928888
10186990
810908519
-2128470625
1673808332
-1827702458
-1553879865
2104874908
-356505558
479394018
481716953
382002078
1661798597
-1738227690
746556665
1206483201
1455248540
-133258178
-745696743
-93509733
1867517900
1525842160
224648164
1424645648
559317849
1930008688
692910117
1120895333
-702267603
-1168832664
1428135018
-1216124462
904837215
1228226520
1776629732
-1366009637
-1622014023
382320459
1648181137
865582241
1954843764
1087992906
-496592740
-1879944075
2061203269
1809286933
-2071280381
-1339716947
585007516
345995664
-1216563590
-1900537925
-1102490326
-1212231045
-1797821553
-174243206
-1036163164
1557252070
864467726
-1050717749
-1899016505
1926995171
1468461478
1753678688
1850134683
64661116
-1924258356
1459821527
-1239862278
1432562663
2031904222
2112906250
236557651
-1056205320
-2036456308
-1387026523
-942455893
1294442966
-165771405
475826424
213805540
-1409840399
675118090
920731149
775915586
1347117107
-906512703
-114259203
40272426
971634805
1326252134
123243903
1818903596
-1391576524
-759990837
1205218753
-1272297918
-565925244
-1270047322
881477754
1691315801
-1843497148
-239372105
-1123097024
339351313
365850770
-1723273168
2086147094
-1149026623
-837311103
-1812576688
-30330551
2025005757
-600008695
1156803920
-924793221
2066729690
806960190
-169252733
290077183
327829810
1786853061
270998456
1032189288
-59133404
-2036396413
-1430180638
1214107740
-767618914
-1549253226
-744760326
1889850541
-1348609379
-184185464
660600100
1866379177
810068469
-984773951
684343568
1461478577
-799392435
996399934
1423382435
-1195830008
862913901
-940223360
356645077
804974828
1014219452
-1750750010
2011910108
84518378
-1115556093
1523712893
1714734218
1877794414
-1653919881
437189879
226934515
-1596283239
-1692374283
-1916770981
943194450
1162267223
-701292401
-1567387940
-1774552020
-1992195921
998353478
193257261
-444677963
-825952163
771299353
1068253236
-1389251213
-1770612323
-915230914
1033070589
-619810527
-2007363255
22256047
1385442289
825778133
-1404995290
1912179175
-773041337
-1548741020
-1029230214
-613984531
-1340629831
-1195935739
877871073
22074513
-489165957
-845147596
855066464
-1193972747
-262221976
63492824
-1274450502
-1557317554
1871371390
775847079
-891829758
-561730580
1130268044
-1580958263
1146288241
2139029879
-335712727
1833045179
262705017
513277306
1792567272
-1981173898
263303705
555861029
1837076169
-1355837233
465398642
-1641822386
-300599055
-117094368
-1080950885
271323321
1624485277
-1390938328
1273658800
779381912
918738772
-2143821265
-277684431
-841926572
-975542948
-2048989586
1570130056
351787405
161484910
-750947668
1368932075
1812406623
-1541867860
462153260
1789585252
-1390665753
-1193262382
-1898415674
776053549
1331833861
-895184212
-580380845
-1040147135
-1481301150
-2123312953
-498941106
1268718895
1171859124
-180587157
1978301623
337359664
-876915136
-1081449784
-1060784326
436113788
23286432
530370670
-239807600
-849893672
74810822
171440642
47987237
887836275
832731200
659850542
-1692206085
-1076254478
962574013
-792866087
-1467998771
-415632695
-334820401
-609767528
-198250121
1894017996
-463400462
-938862749
1082466709
1698341893
-834903604
1112080523
-290761879
1986478535
-1692213066
1369006571
1394836225
-578054909
1249571706
653518941
-1055490664
1390578649
-929392290
142151535
-1877729732
1447418994
-629230751
53580119
2089300145
654014476
-1541866556
-867081693
1793072789
-1988191402
1762095563
-355292620
-696530236
1633226749
191905220
-173968404
-1035583747
-1722387578
518607176
1894252710
1870204869
1319409502
1174620096
-644417306
701995659
-2129572305
-461157590
1749281745
1037926924
214383220
-556793571
1730925023
1865288952
-1645186481
1423033354
-103905586
-1438102827
-306246503
-1278825276
1920167641
-27385052
-2016875717
-1819332543
-902382806
1500164801
-945465669
285234594
910295436
-611935345
-1232060647
1947519088
-808838300
-1791022509
146814428
782650152
-1349025823
27227872
525956455
-1561506311
142445938
-974593420
-1481012848
-1331909173
-1183287688
418027618
142372210
273407875
2003879228
1891497200
827667074
-683537531
991865635
-1582827902
-773749536
-1378296455
-1334407392
-1036116745
1178640623
-388625326
1303089001
-504407214
1403751975
-1366892916
-1083446675
-1107820643
-724192471
-78041420
-104430844
533837065
-1027991789
-614353875
1751643112
-845216678
1005249557
-1359506384
282125923
-215746943
-1078067388
1015643924
-1794203574
-1898726006
1292552621
-1722753585
-1332085463
-996833352
1390042797
1238094780
1116751551
1835065581
-710089856
439294110
867999916
-504084913
453753878
311226084
1797258088
-839987159
-263603923
310295086
-1408187785
-373287410
-439381093
1358101007
887798234
1265611075
-547075861
2124000532
-2015707448
-1301282466
952511788
679829509
668557213
-809101526
-1646082556
1161260394
-1381859566
1007348173
340312843
1689399632
1252488879
510147116
-1588549802
-1533790900
769420413
-1393178482
1529739345
1743493312
-820457474
-1107181441
-2082208303
-2019477156
-1529990559
-719749386
-650731672
-1605410840
1683484145
206968506
1835027195
-1253051073
-1973858097
885143296
-690171758
1124762526
1573338848
-1377478567
456142703
1011517470
-124420344
249189322
-2038476703
1139464318
-1680922729
2031470652
1498483033
-1247076058
-446374397
-1604128234
1545815613
-86982808
-1955406376
1927534888
-1763087620
-108758008
1718352619
827062474
-1907997982
-1393366530
-1598680363
1901774404
44372268
-1471320710
1511498143
1426962800
-1820682530
1009135399
1729981882
2119678878
1144005076
2088861619
-1147502799
1537614007
1841821975
-1835307121
-1563175391
593071780
2037103218
-1341612301
-83061656
-1512343824
-99975868
-37385692
71208603
1566508715
-1758081386
-516434439
-300517314
1239855250
1187633775
-1889967974
-1626726610
370521452
-1361160601
-880993653
1355967073
937905846
725811577
-946213912
-1392898094
-1512349822
-492581603
-670553614
1506620854
-675098725
-190970986
1080189129
604336883
273937645
80805768
50492795
-1756306734
-330191069
76171469
-861903811
1317683186
1670781329
-162125176
-769122569
660814463
1643902804
-1447356807
-2077208571
-475955804
-533709384
-621319790
567543099
1596069950
-1859690279
1342072267
-2142402774
350108881
1451771532
577402162
1573970081
560434367
1729692543
1659374149
-1593255306
-1509858634
1951909534
922595715
1400991622
2011156586
-634612040
-481613760
-1871250183
1785480068
-1824078238
1537379512
724677322
2096825817
142819867
-1124336793
1552484486
1935412446
-135848784
-462082665
1050884691
1214565467
1653341666
1603530042
1824592435
-784859041
1452431173
2115727865
1931903370
1525391987
1292338026
-97387636
1295306461
159153682
-504614080
-1449837236
1976785884
-100525992
-1201025609
-9343226
-997177439
1242357496
487302565
-346548463
-1196265158
105108083
1169893869
1141957026
-284516764
-235528314
697070557
1842354526
1474939545
464018403
-1285892136
537105712
-1535188403
1055676964
1342921780
10497884
507407987
894290172
1984248421
1994856916
1142617157
-838004305
265211482
1866179530
-1199764155
-1576719933
-1765828569
1914127494
475429758
632310775
413021155
582156152
-946094577
-771044236
562785235
64648592
170125801
-1387103166
805947591
-473024563
-374945065
1771327485
-1056750396
6303508
-1769107266
1340161479
698680290
1540238658
30051622
253658752
1539520375
-1232340092
-835664648
-2081104332
-940208267
-1552975387
809609
-1616566315
-390144496
2009506856
1246303190
-1665091543
-1843867229
-922185769
696549649
-835824635
48687316
1800386459
1732085596
365190587
1751254261
-1210243122
1781224403
-1219238448
683687597
1590255694
1893858000
42439410
-395124521
1409351572
-1987360919
-1665886936
-24203863
49842948
-1596031171
-353691573
2140197401
-278665082
870981232
-814290508
1542794107
687037780
669962227
601376054
1614332782
1977689621
-1447352824
-867697330
1747822073
557317163
518772485
593064601
1848866288
-814998456
-1888714153
-1367339387
-1975884900
1399169607
684802505
1717908811
-1699976806
11816505
-941520122
1800856348
2092102659
-2104359235
-1020189348
1038510234
403527117
-2082820972
2083272642
-1185809783
1729015920
-143322253
-1094208740
1070270662
1134571980
739390491
1935121596
592875639
2022624329
-152769625
505478444
673439107
557436223
-1471816668
-1521125590
-1979093180
589952408
-2141437338
-1534932237
-1382091653
-881919820
1646122265
-2074031676
1097241220
-1088715380
1300562198
-1282638435
736553930
1226194457
134092535
-798521017
196778364
301482230
1895906796
-1304492904
229706880
-820500156
-1982316592
-397584138
1852311975
-294999859
-1075019145
475980313
-1887161053
-1815076757
-1310014903
1964594964
1075994933
-470230358
1724867091
-2057158763
-880634838
-8401748
-876125156
-77530773
-611780217
-1066008243
-1476435849
1314722376
-37735805
865538694
-46461801
1468135880
340507061
1996576022
-962254808
-1969401935
-1745859059
-1731028386
233890588
1769820796
-398223096
-625693556
-1897721597
-1830211052
175342623
1651697916
1542110623
1032145629
-383192704
2103745754
-1059719497
328305911
537971711
-1156708341
-1540825301
-829385789
-2033081777
-317445555
-513122488
-171298395
1759723884
-1648509284
404424285
411333643
-1256127909
2097023191
-1723862642
1627022254
2017902357
883710371
-239809561
-1882716905
-468475200
-1051366257
-686474316
888626533
-1462941408
-197000071
1497321743
1012039500
-477044404
-417306065
1618332089
-900012959
-1333311580
-1871400616
-113099219
-1501129068
401361666
466478997
1487178738
2053631484
-1893166801
1476170210
236851504
2087511770
1463864983
1248402498
-1963160186
1815040983
1188316480
2003771291
405912602
1444901008
-485507336
-1903386146
-213779727
1759942740
1603892942
612545642
-1733979265
1215833387
885892546
-545844046
329087105
94550810
1827317439
-1208175844
1781894411
89424806
-1085872695
-1612495828
624675036
1156128149
-1415967118
1259093985
1486147065
553665787
1510354322
-242879649
365675384
-288852108
1445247542
-2095871795
-1841002084
-1265035091
-953763368
-447534720
-1856726238
1114364713
2086040528
-719217064
1912090586
-42110654
-1489213430
-471002518
220099704
1348061804
43023609
-1331766305
-438244437
-904372031
976984267
-203526373
-442020753
1087462073
-331540002
-1360142303
1819963807
2090632504
2139808370
-712862155
652095181
100100557
1010428830
469964226
934485589
746587448
-1566010488
1186792574
-2095137617
2110120493
-2059199792
-365638709
-2004261627
-137651113
621675852
585268576
1386676997
-739307617
-1146531334
1774575144
-1099395593
-443631699
-516243918
2104867689
847356177
136774574
-119764965
-353571287
-414268150
-754277801
-703503265
1218031820
-14795028
-645592534
-1466590430
-950392063
-716802002
-983121416
-1527742417
-1839507489
1947358209
-68211290
111721076
779987530
-495122966
-1577065677
-802091344
-432729189
-1346617968
1757531129
-339041942
1980780672
-1843348521
-1079732686
318039076
-361914337
918725932
-802866499
-1496145456
-1633597055
821044514
-78603486
-1636901245
-483093714
-659933378
-1396474925
121863784
841617683
1877256462
-80126284
-1542526986
1604218028
66824576
1070596573
-853207707
-1595208866
-1256031888
322799262
1463535965
-152946908
-1380707966
-946633533
1769528048
-955077266
-2004365007
-838234600
2089077962
-1501906875
-319190232
-1762793937
1507009447
1408316850
309691088
1988325984
-1351274492
336408928
-783405271
1350575633
1893941017
1639642240
480958173
491745078
-1015847163
-1338527764
-960800366
1819305755
217342539
-1424284529
1716435583
2122304352
123088509
2041114115
279920706
1543111493
-1800314314
1914262395
1702903279
-608062168
-1097241012
-366755102
-2121868949
305901642
-1850393018
1511217732
-1039637765
1469656793
-698553333
1766859629
-1711402473
1979036714
1739750108
751691215
-301515900
-1635906747
-1214853756
2071704232
-1459596127
1143613862
-163886130
-1059221660
1119246336
-1293157822
455338806
-995368385
1502830392
936465607
1786023650
-34962130
-258308616
-2118671064
-274730286
-492592385
1507224159
-552335528
624793174
1234223806
-474030453
2084232021
-1271965248
314484058
1800380272
1656624487
-510213285
2111756681
1976771818
-701903191
648355739
-1832637976
973201172
-1462052408
911274133
-390772379
1766290650
757293066
-961650511
-1374461472
-855320628
-1481782638
625978525
-1182242544
834617653
1347320801
2062399620
1925930915
1083796588
1920540064
-1444395905
-1320755543
-9067927
-1768520036
-1741654965
483432242
-1091278182
-2050720495
522690108
-563697611
1550644471
-1302800086
-1507355278
1590816435
1513722196
487967688
-435625143
-1386564581
1803798517
966086018
-2142329835
-743481616
2137057127
-397542932
-353961201
-1678571096
46734221
703847196
-588623479
216277975
922771960
1260120425
-2001545879
1818853772
-341184644
-2010037386
-683087148
-455705349
1312021247
1832346222
-809990871
-887288229
-1932385900
-624636272
-709977296
-164692463
-820160569
-967436306
1694313106
-130181874
584752186
-1479469200
110591628
1536782196
-440950928
2097986591
109030879
753554815
1981732072
1320282272
-1137081333
630275746
1794449773
-468835075
1072056763
562356976
-1387029844
-1917245269
544219266
1176207037
-714789881
-1652916024
40035784
1362799749
1975071912
-991111517
377213182
210794764
1004106455
1882233473
-1579663080
1426527685
990040208
-1898441058
-1556124356
-1378431625
1808131408
-1487720847
814345399
-156229859
-1840430801
-1732161996
-538621392
-1078844659
-766192333
-395030877
1373705759
1786748509
1287589090
-1143516925
1310076031
485506
476671256
-921118875
1678778817
1958414137
-542389221
958897451
1613499140
993567913
-16091412
277214155
1335825795
505136073
-246097953
-1569740845
722116942
-1493543169
-1896910227
2131407404
1663750973
13245705
-492746679
1780169122
-2105028064
-1857787872
-349570128
674736291
1625367355
631026522
526861061
1291967302
881711601
-717182385
-1004174948
-373905009
1250135742
-543258881
-668952107
-927641103
-1302245014
576252403
1970752621
1286899731
-2013590917
303927457
-1994082032
-1720505386
984940522
-1010397676
-29830095
739175575
-1144622822
-742135348
1556211230
-888447823
-2106229243
1095092450
551970638
-843564731
-137507400
1870497135
114281981
1078848060
-310990847
-473016274
1492918522
-1174176115
207910501
1512863840
831873983
-1261328197
-1553145769
-478947857
566964162
2143977377
1518597799
-764554794
-182710518
623249265
819733048
-976250689
1061252100
-1063270662
-376845834
-2047802387
457845398
969010472
-286858234
1050027100
1453145716
1417595601
-2147359170
-970728410
610194098
-918444882
539412950
-1237702105
709351067
279716262
642258528
-1942680604
413729728
-960112302
-1946605579
1958681000
961524051
-1044920643
-922082128
-894484241
898894005
-108682389
1693013344
1360871688
1480421196
886271644
-1460349576
1362021877
1835219354
-1427790639
1914883658
-1344701035
373095307
-1058083953
-468340364
-722214140
-2110322163
279328098
-954915174
-1917682622
1725235686
-1672699356
-1396989867
-2024581614
1043687361
-1728405633
-810300310
1300597284
363246985
1870663087
-1327475906
21494645
-336631559
1721461900
452696713
46986486
-17832077
50877639
-865829046
832999019
-1151448303
992330099
413678330
-61211754
-456561415
-1728516665
1604904964
1773545876
823247093
-967193822
-230467213
1697402502
-27535805
-2141039794
-1957807635
-1708175502
376017320
-787858680
-1023957537
-343334804
193230027
-1267939136
556119289
1357087472
-1561033025
47109020
-1261328676
-2135701870
-861621791
-447271230
1369220882
227504088
-1068586269
298583254
-178758594
1844046182
999666985
499902401
-64178540
312058716
1528354899
69310644
111653258
763708667
-939893990
1396558956
278592719
-322972530
-1394370721
-892178505
-1384726404
-1318782585
644447105
-1807798218
-1643122551
-1963672345
1277644014
-432583325
-1615600767
33582051
-148209668
872740309
72491129
-437223228
-1734100743
-196168510
580950078
1808119310
-1501672832
1183298502
984464845
-449468444
-876559090
24892642
-90754553
-1029331030
1840147412
-51058490
1196619429
1703716332
-1916099890
881231186
1776573545
-1645259139
1230809619
-161333158
-785047403
53998307
1914911343
-152153431
2136894880
-790806798
248305454
1693771592
766817063
-1872579658
633530682
182622976
-1599829727
-831130474
-2027751576
-68227044
1788744279
-292818251
1822593038
410106482
254775826
430072475
-1664108584
-145438812
-1673058027
1475373076
1139339739
465651619
580840909
1553701976
883242218
840743284
651547590
70570603
-1611308504
-966696906
367728225
1158823366
1095635166
739935331
-788981052
2043862839
1185006478
1443693910
-1872233199
-860791803
-48178616
353959692
765410521
-871718058
928372283
-1687582674
-2034156333
668927445
-74857842
1859374158
1366460872
2069537679
-339356048
-342423951
-1420157743
786191389
-259742610
-1681711155
-668529468
-1396675320
2104912643
2141451987
1757111019
-1213789592
-1579066763
-1125412241
-186448137
-230441522
1700783070
1429587341
1274607156
20891491
1934386568
-1792801057
-1471399427
-309445295
474663038
-67600163
-667332239
53462369
1666573151
-998007283
1040450150
-1416510236
1539290741
-609774204
-137837155
780479191
485545221
-1830175829
-493075913
-1233176511
547655656
1723964230
-1570599832
-276501792
-165366438
-1395516750
2052004714
-2121273852
-639567343
1580806509
-610686285
165098937
1374379921
-1444482597
-536642967
6531115
1587817406
-1028330681
-544496875
-1157924538
-529185358
-251451353
1533571223
-235594596
1629883344
1345342627
793180249
1764553100
-1504839911
-1852401320
1815174855
-1519972961
335388606
1762645592
831487998
-2028418763
-2011498763
-157390219
-4395069
-986975648
-1587099121
637149887
1206551734
1057475087
1441718986
-341610934
-978263354
55193454
-451847965
-670559692
-1961051929
1784520077
-160765713
1215338981
-1621842430
1472126783
-1840028565
-1424095336
-578553555
1418698052
1596493585
-1133278949
347390236
-532600150
-1848050323
1048589522
-1527324970
-889900177
2099628206
-1627843839
1373179819
1458057579
-349492287
-101451959
1226056292
85183340
221076891
1572335219
1838664636
-2089450846
-5751594
-1644149652
-2043949553
55071293
-1451908993
526083728
-1563465647
21374292
902259245
236922410
-1070841792
468731656
-17861290
1946165051
-1273938979
841756905
1958846429
-1678620806
-1002635752
-1854645352
838838254
2043996572
-385418551
1018361260
-101053682
718049493
-755935769
903259353
-140733843
-1336825699
-199425549
-2104511153
582965374
1529009335
1614598581
1386634079
-854977591
-793361042
-1774489302
306244452
-1103054081
-1917481951
-1315735108
1182477280
95278670
1724101634
93853107
891168229
1557139958
-159014118
1709172459
-1957029963
464905756
-1864300656
-202693433
1633316268
-624203810
669406505
-29809307
598074718
-846489689
1126078226
-1886337518
-2051326212
382189763
1983781341
-1316854016
-1115873029
390905397
-1530318391
39939638
-620359178
1540831432
1430823238
811500999
916958419
80032355
-1535155273
-1068824250
627471141
-1979419999
1475076217
-2111744392
-1921654319
-1381848927
-1426404829
1861547339
-1773229069
1885165082
-873320945
-827798777
-1254932478
1792858033
1761572889
1324928195
1301609265
489102990
54226598
-1136138983
923709208
2039213868
421751527
-696647395
-825270893
571849072
1010258271
70088842
43667178
-861446659
845156002
-1675213506
-1641028047
-341805882
-1011180450
49331688
1397020658
-999888669
1956631199
-924268545
-1637636344
1406008744
1518438734
1445836021
443452365
-549449484
1824116218
98188972
-1221187209
-1978552634
552677850
190535464
-268716609
1035586069
160265234
1127726982
-1023707453
1125396192
1273629749
2135267885
629586732
-7306878
-1607444213
-999658430
-1090342765
-461283509
-1380092013
-791330207
982760480
367293517
-916453814
-1804997495
-1047316108
171285107
-1365747539
-1257274025
-1704475704
594302422
-693510403
-452741002
1177972054
1399079507
-1477130686
-1921549227
1046841591
1759921752
972756113
-489606373
-145757683
-544104706
-1226521200
-583309609
-1978548574
-1992222371
512404282
921081084
977692625
1148849434
21501663
-1663582965
2015425636
641199172
-1638953362
-964385135
1774133694
255884384
440340982
1998197332
-97450245
-212202302
1937028458
1079462601
-676475307
343817758
-1435725148
-1381120056
1058021577
-491180195
-1048750164
-1375020670
1731930105
-334617676
-1059523271
1050447538
1840466516
2075653619
-1777651337
-1874703854
-859568781
-156439270
965223178
-412304624
1161726662
1102235186
226023506
37236161
1215496815
885589849
1997844208
-842570219
-54486931
1300033565
-1682301047
26507852
-29968387
119249677
1155662281
-388996952
-1350297284
-504617843
-701199190
1044456548
-468286192
-1427838230
397907702
-1046874652
-1659342007
-789824594
1065475082
-985167315
-1641552126
-454688204
181881052
-1000440426
-2039206579
-69907586
38704446
1895869888
-2052693490
-680414395
-404705949
661241538
2077417255
385748561
1019654050
1210204073
-2031093291
1898898955
1075020410
1608262175
-2127515047
499423567
2051163861
-596477591
2020096474
996554375
499329681
934392982
-1987743095
-1853398284
1025793851
1227671541
176410118
-1879776433
487405853
-608765497
1797336578
-1287087728
119388794
-1470020043
2004790052
1748962316
-886763753
-1554674045
-1714657744
1693829573
574995453
-1244067962
-1484863642
129712125
63342461
-412968109
-1517432793
1150145804
-1984209548
-582405576
-1809489186
-1108255629
-1532906544
-128379152
-1221090019
-526436304
-1262472366
551479825
1422974982
-586761389
1456580757
665442505
-2044820756
-1697078832
-1283489458
476973769
1662069817
-885935721
1588615636
-485786752
-1935942511
-358229790
15949539
-389238132
1427159095
-961651251
1520011164
334761837
-1824654672
923988779
-1449530417
-903504773
-2114715483
-1928411498
-1720796547
1353096473
80186381
1819270087
-353594216
1665878827
-1032739189
-1744811736
971919372
-276924475
-547305964
-949081689
1003185922
-1621753052
-970647596
182474701
-1808820382
-1201512479
-2120477358
213075470
-1035045222
-1575578269
1146996689
-1111848862
-2032796258
-1014401643
70278649
-1994857708
-1750118097
-685245992
-1519585354
193589977
567102046
268172091
1267387488
-1005207005
-549682349
-1498826263
-1615589604
718790583
-794760118
2138695650
2124035457
-1022834051
-1584845602
1844259565
-1443527554
-518928746
-1765780086
816925133
443942778
425750451
-1857378965
429881522
313152956
1378917540
675440714
-1544652558
1824705036
-958896081
1536569562
641368056
39719066
-2020904157
-1443237059
-1313859204
-654954721
306688939
-378485812
-624527116
-1387041982
166684135
-1410515433
499707466
-287526084
616100280
81975338
1228304846
2129882302
-1806247461
-2122144238
2096724845
50515473
633800761
671240607
-18245341
399058303
1977224060
1928612458
908818606
-1411140879
-8906267
-660311527
1461409923
-1928595495
-1296896676
1675413729
-1548151803
1090494801
-1122972472
-676733364
273432308
1996124292
1433294496
1928268348
-1133902813
993772877
-1382424382
-1760120273
485342061
25669405
-1432059517
-953475389
923822825
539863072
269620742
-563567236
-1495619748
1629314722
1389550033
924986053
-823162897
1949577391
344351645
1088241716
-463036127
-1015792134
791747437
-1222941934
710294270
159396863
1787461089
228204313
-1391577455
314914923
798736587
-2094261889
-401123690
-462514757
1791732994
-1377220557
-1290674317
-1479209438
-252853898
-896214682
-2083929495
-673843025
649589636
-100954292
-427440122
1436322991
-329015157
972395555
335179230
-299237553
1316193471
-387773836
-845124742
261052294
-1310602435
573234584
1622807183
-1365894095
-359232674
616011389
-1924006286
-909950849
1211647823
568735913
1949353675
1332867726
1550663649
2014800767
-194074232
410660950
1472049565
676557761
-1843306475
-240040251
-189509861
-1099579050
452301769
-2100256980
886803603
1599935820
1988535715
322010841
-1240756044
-51805153
238992693
1922211076
962977460
207738939
-692825377
-2147044626
-2053567065
-1922164545
-1843812032
695822919
483926292
-1100138365
1671817706
757747151
563500741
-758632100
908515668
710123584
617709023
826609566
-144353772
-1859306133
-1295897807
-1082084895
-571074739
316271009
409624272
618545416
716398181
1104130900
-1292865821
-1767398274
1639157755
-114144515
-633517126
151680707
1264314392
-677350081
808612133
-1320075738
476954020
-27002037
1849497859
-982454829
-1897920230
1527102854
693207833
-1073810672
339616383
-314717079
-105748956
371479235
1751116431
-934171735
-577380816
-211379401
-404827335
1802576791
-50697174
-311972321
468613966
-1966848824
1863572148
-1270241574
-730410636
2028175864
-1612637128
192176376
79229536
681378859
603551295
374235900
-173590973
-1216832236
1789955587
-2058145437
-2035539579
-1130497093
-392811966
-32682523
1495477424
1003947865
793755220
1142580986
1333893038
1134724230
1897337472
113539999
-1638089673
1978230933
923442570
-1641875623
1583256452
925597502
2133943184
-1872557446
-1575984312
371082878
48066069
201769634
1148110304
1745036475
1563767134
48146312
616137160
-1297588950
224228092
-1552293894
874832977
-1906678156
-1790802518
1074078497
1916375952
1447135127
110685784
1917909514
-1073017959
-1895702774
1218102919
1899763041
-801359123
271726628
-209162281
205962110
-1655901648
127947454
1346923741
-622816603
-534635745
329220374
1944810298
-1638773879
1499851456
1309196278
2107050728
590934034
813466330
-228479723
850022103
-1566516640
-1248020825
-1324220484
-434789704
-2027251698
-245111097
98920364
773288471
-528204358
1178019960
1938945598
605899951
-886706491
506670084
651785676
380236793
-1142383273
110073466
-1403104433
-636080634
1392133797
1987166880
1789591113
2081124750
-131911818
-831120089
-260775195
-1812676792
-1350310686
1324781600
-1139645861
-510444421
-97778340
-125324881
1856859545
1470718676
493229555
-1685214723
-902650337
478730618
1184163796
342164594
-292083414
-763606177
-465350125
-1867849692
-133338860
-1882730791
1875854250
854799242
-161236742
378516080
1109750209
-470608012
-1404211553
-241253639
-376232401
907038015
906083983
1224892131
-1828195776
27685955
-1616267641
1241770704
1048136120
-1872387440
935918100
1986820967
-1330230760
-2076879654
-1906104967
-1065826200
-182832609
222423473
1096415957
11582720
460344723
-628483084
-6374011
-1573439139
172251456
-1952108409
1100177350
-1101276795
1476830017
1355926339
-1415682401
-1031678621
1176202109
317234990
-1564563459
-250851805
341919860
-1630704149
1746552607
-130966338
-634219461
1252788852
-631860428
-1382255144
262284741
-1242148091
1748806721
81458889
-1493968285
720590427
-1710681528
772337656
2002105229
-922806242
201491110
-1557921680
1055296738
-1398953830
-1747531844
-900901204
1734585965
1836811189
1895980754
-752473419
1051115305
1570794269
-42854345
45172078
2125585350
1203318720
1960580524
-1124783826
-660613715
-5235071
-1321219327
457158543
111861314
-401406936
-539826944
-1432014715
-2082725272
-1019151207
-711247222
1164084914
1776201
1615429960
-61592576
-1402305289
-1787063978
1141467884
222303460
970764622
-2078954867
-1633035662
-160648257
1923897558
748905721
661667124
1308339268
1922847023
1272145023
-871505814
-59865163
-886768889
1090061014
546359264
1292359557
-383821323
-557978409
-1057047575
1078550078
-144091771
-738603018
683590291
-625909084
1533310867
-635905008
629438491
-1487433446
-999179300
1036131686
-290194781
-718532795
-1633532719
33223401
-160670431
748791279
-469890642
1310008503
-640559718
-1263131347
1950273995
1334402789
-99607920
-1210423614
-1980821198
-2101865346
-2111790151
359502534
-1430160783
-56160564
635945457
1905625730
-1192273488
-462279467
687260272
226008478
297340165
-1584785624
359698751
1803218301
-83546618
876866521
-1854828825
-1872485656
-321896289
-722917687
2050133356
-914859543
2078800678
-223917526
-1825953671
-1697028103
529169324
1672678209
-605098788
1999888477
-1674379626
1928005486
-456129741
1678605004
1080224363
562185577
390156775
-616513451
500122862
-1661270323
-409777575
1552687743
524805487
-2025935398
-935471781
-405217103
-80807843
942127990
-1349971230
1413504980
279750688
-778098315
903209209
1595725878
-734789851
-1715559143
544431607
-1143177807
2074826553
360541660
1645074932
521963019
-1663309285
1518722156
-1181291656
-1744588384
-1091479733
-869411338
-1706189963
-802538946
-485805272
1181527975
-1769415561
1725385807
2104488761
-1370667409
1112916249
1580887613
-1844327478
302206727
1042163130
-355894767
-922004805
1337401909
-1683766927
1012010333
-1815938157
-2121561778
333894205
-2015915172
1858191579
-745189636
-95496064
-1891283625
272273065
-1783326655
-1545661010
-1567752887
-586857862
1002195387
799523393
55121606
1453937733
39058729
-1958727952
980916760
-1170113332
1254443821
-232438497
1041825194
-1430065868
-1414697645
1956321944
-874853975
1187507160
-1399292847
-1318613893
-1783379481
1269230169
656133776
2024215923
1592130051
312240377
492387051
-1805888726
-235892793
174013225
1143817142
946728702
-1934768176
1692139871
-1830392319
1456332276
-2056365964
-1353847763
1938049308
817900524
748596959
-273146737
23128670
1525073430
1486903935
1059337604
2031083810
437975204
1329875618
289403615
795469586
-1972071487
2012791388
-381888162
929878183
-1553339455
629679790
-294497285
856392175
-1829558119
-193721629
175362690
-1971197039
2035194000
1976180541
726777187
-1669508082
-1632961994
-871963183
953504457
396980553
1456992661
1249137071
-537607958
137827913
-328459098
1034990661
-1111617120
-1309050564
-808223994
-1746100988
-1345537224
-838642242
-1901060887
53776195
1028057738
1904045915
-1608364722
-1308249500
-1784882615
-956024750
707570548
1757077556
-1961505892
-462249829
-1900288116
-1957579369
198931437
-1327738581
-1021241681
1088260452
-705825792
-774252682
1581830674
-487035507
-1233671098
-2006088395
-2014800521
1105239683
1687782002
-588248983
-662761242
-1208810280
-1740805044
1390411679
245064092
1863953701
403067846
-111145356
-1129683388
-1831904723
726771788
803419739
-1429691804
-809003710
-944754336
138377117
1024091417
2036130023
1770059365
1012596385
1469261575
-623054410
1454526394
640180589
-1041214582
-1444605564
-296061686
-1058360980
834335024
-1384181566
286924001
721577329
-590946965
-1915655642
-498007677
1678794747
-1537372286
1480293513
2052415225
-1672702534
-1334995255
-1377763566
1264369259
-1681778606
980895761
1295389588
919970485
-621115042
-1752019359
-732980428
-1260983757
1723808183
2121208549
1070707023
608369119
-1506379531
2096246822
-208637798
-578157154
1778899253
1882678395
-1802148214
81267158
614099740
749516735
-629253899
1076906563
-349424100
-506607549
-699383304
1539402251
-2051903243
-518884602
958637595
-673550065
-999932289
2032356131
-2084722509
966414979
-170265947
1889113226
-75791737
1996015808
1538204596
767014386
-282313034
-1050633640
247860181
-840804850
-1982930473
1694538859
-633143592
-680421378
-672571550
528090680
659486770
-34264312
277807437
-1142429194
1581548872
-880991865
-613210630
-2052790556
-448098322
1143259939
-1949337521
737241246
-1535980247
-1824797119
-625801690
2146305970
1015665724
104717501
-188622616
1635966835
-1272765982
-2138120234
-171772812
-1610224372
-1773433897
-688986263
-1714102204
1174391767
1810950301
1107732578
-822141230
227500783
884338556
663844463
1549350712
-1176348669
1775604937
-1597987595
1550202134
54614893
103376491
1572832071
1221444279
864854402
-1382372198
1090414613
-1400225418
-1577706197
75387626
1818132514
-1053457314
-477343820
-2133336696
-1782623175
-1433136880
-872300060
-327160126
-1693828511
991496937
-1672840627
-1544609588
921118287
454765667
-328596252
-1841940544
-636908261
1695904443
-1067327533
2075717606
1891323958
-1043046444
-1495703155
1456532533
-600382564
1645934171
-401249245
-2979558
851518277
-564603861
1852277206
1296406391
864455648
-1430450447
-1012855060
1975534573
2068236995
-192432365
-359596858
1794289246
-669722340
255206605
-44113358
-1722419795
-64940436
591688605
-487037698
-1176912953
-723118538
1191235553
-2080726835
-1357421081
-60287757
580090557
600483629
-498950891
1354909768
1965598786
-1305645849
562221807
1782349434
1616354252
1843443865
-1982214485
-858341087
179611307
1052501634
-1233680805
-1495273701
-1724781308
251172253
-157562765
1040679363
2060260601
-1129278992
506100104
-693505693
-1186577401
798986277
471820890
-1726321434
1182731952
-1190359463
-1722086892
1705236689
-957989287
1034415667
-1173260079
-2061088396
4166004
812162104
-1195786654
13986908
392485345
457431134
2062756174
720344331
160439697
742421470
-1011672551
2072797418
345283948
-467691442
309182153
-2095241602
-144251275
-723358738
688947877
-148331558
1739739434
722806593
852309567
409903188
-1136880848
708669407
2015441845
725054843
1958627119
-1940714359
-780926157
-295783608
-253653253
-486062466
-983743557
-622373998
-1350159373
1360038924
-1705386968
534458567
-679679570
-1493882775
162838639
1545515992
2044827347
-1423366973
-1561880792
-721621643
-27867065
-167729516
-218292
-1816162694
-387796338
-1069981893
1690441280
1642689448
-1169136278
-1812799288
1076657682
-236865384
83760584
1427565591
-917093375
-1136097813
187408860
1018170399
-597876926
-938602810
-680873078
1807618699
-1757929471
-134778499
-570153721
-1157805686
-1883480411
-893096051
-583234624
-1894879517
-492381352
652488912
211553658
951766091
-1545186874
-1361672725
1190912954
-655294214
986187044
-885367286
-362925722
-993243013
223791219
-1704893489
-1044705621
-121533757
762038021
105641351
-1439174879
-1742085755
-471543488
-1871713122
1693238829
-1592443196
1668034977
-773855148
1789693351
-1731006295
1215974915
361762737
-964881732
-851919210
133798177
-590315850
1069821204
-157435014
-42362791
182768340
619627574
1073703271
1701183922
388205218
616056619
-2095250847
1937978912
612314313
226458209
1992161911
-1572758522
-1794741694
1501544402
-1827270889
-796025349
1862774723
-493601435
210401182
1373262288
861395574
1385989524
-851375313
-2088694830
268633068
753968718
857436101
460350028
1403623760
197968414
1196271242
1254712655
-885313057
-1334143093
2011203944
330436276
417585303
1082235586
-1218048544
814755425
-552092370
-745765518
-2060558053
-2075109684
-923500475
-952270601
1302999358
-477065795
2028900061
102256314
-258492414
-977353385
1530151177
255595222
-27436414
-4759208
1503113189
2082252031
1892545111
2138066079
-966035770
-1979348065
-1564470303
1308713710
1104008114
-1120991935
111338983
455291633
1419827986
-1664105422
1540382306
-1085711233
1696969382
1092370533
-1106904939
2014187294
505153464
-1882274921
258619489
-369595188
1906717844
-1881041997
-1391030570
-218114820
-800732874
-740892810
-1383959539
516578270
-1320457403
562057558
-1062876620
-1463488029
273695040
-520983393
678813161
-1122500736
1778277622
-2006050593
-1228826676
1885567281
483449147
-489881724
-1331252401
1264168896
-406085928
1201905603
1629687503
1795186886
-860486461
1645624506
-790468376
-53228686
-1939685489
327944664
-358998268
796904841
-1388129243
473839996
2118762805
-1180742483
-701988428
592892380
1674612548
-2009960479
-872786203
1160604712
196424458
1921019211
-1872370093
-1502723602
1291734013
1898049596
-1398485446
-2133185345
902799373
-2042799251
1163790190
1746172947
728303024
-2050069621
114864013
-52574871
711023419
1114045942
-1705721225
694751922
2060001140
1433337796
699496190
879432431
-2105180316
365283595
1959801562
1079587096
1944972656
621242463
1335773663
323532096
-1530686038
-555965799
-1482752911
-1740876811
859521892
2128915162
-1083021001
1588645868
-381187066
-583805233
1835886094
1193251294
-1025879263
-1890397387
1394701376
-2059904340
665975747
811474079
636699637
-1996393527
1840765708
-1231175561
-539919639
958398936
188399617
2078911042
-1576750498
411065747
-1985370976
-391184089
103604308
-2102356241
-1491084237
1001347505
-904945673
-1967290755
-1739238679
1792720851
622726489
1250234643
1251652257
-1875780308
-1848629151
-1971945045
934445321
1085128589
-2074152190
-1243341430
-2133488921
-822148169
-79315281
-1936238940
-599641930
550398056
1334205709
294338622
2124114036
-280687208
1647519722
-557372971
-1202353990
457368575
-1518529427
1905099838
-54775540
-15855397
1756579215
-1095666418
-2063735950
850282991
-746270263
-1624785861
-1554046137
701722062
-1532186610
2131611651
444607824
173464665
-834994180
1739346700
-1212310256
2103137157
-1657921203
-1649915700
-412773543
1929860193
507596435
-504845270
-1291832794
-2045619113
-1107448028
334253157
1585676712
287129265
-1049226158
-911862731
-969403746
273877599
-1494952481
431234863
1704260073
-1906939914
-186220113
-1557642899
346997087
-665990148
-1551674689
140436845
-1489040929
-902866590
1994695509
-221551559
-1694098780
-1232965551
666029689
175061960
1822099934
1139074345
-1813302109
1998833572
1323477630
-486661178
-473606219
-902537268
1268747089
-1989491964
1010385451
-29294117
1725264
1036995717
1663610256
1614801000
-1996288203
-823575375
1934597171
553039024
-375307183
660700925
792222235
1487539826
-2056135524
-225187216
-1514530505
-380838374
-1381023731
1471382115
524852441
-999914207
-281989332
418086792
-724653979
729397427
-1378405659
1335452972
-701225659
-232004975
-1165380194
-1111710016
323761183
587672632
1292573066
1937547669
1828101450
-1733322685
345202751
-1905398042
-2130488195
-1207579123
-1362741370
-1689497061
-249691191
-231179366
-1656979599
-1569798324
-822947384
-1435536970
-203973197
-410028541
-1390618858
-2016813474
916861483
-1361474491
1484912384
-1004844705
-897122111
-137673261
667357051
812201789
-1590680459
-1566923859
163755096
468031062
1695408053
850368471
1736698292
390093381
-322069010
-1330730658
-1645899340
1726802315
-1902183836
-1397009251
1291747698
1906196844
-2122457018
776580028
1011446066
1325855766
-1535764484
1581972345
-933282856
-333945592
570545604
-755402710
500244894
-942741583
-1381360260
-968673534
1129841153
-1135696809
-718729280
-652937325
-1352089348
1710188346
-1447332809
-892763757
-645051528
-1290551815
324015402
889887458
-1713049854
-829814989
1931001942
-1514350133
-534382402
-1594075023
-286654206
-1704994935
849727387
1860066882
1075046226
-287275251
-863240761
-577332569
808415453
1299428350
463986021
-829250127
-503224706
1642786305
-1045963651
-942910360
-2058566809
-782867398
1156353076
-113251857
1601960315
-756386543
-366940356
-1540245787
-106322213
1497888312
342145933
-1373385971
1812369601
-541951763
1298957140
1413651760
-534513779
-2052059524
885455148
1058655553
-1937336291
1363300616
-55196789
-3119934
1029172833
1554035849
1861981054
1245591910
1833995565
-866622440
1273524888
-266185224
-2008047792
-1640616086
-49775577
-1008956037
197191142
1688423577
1248359849
-1970627439
1228130282
-1922698710
-123274626
411794720
-627357937
-498922165
-700436770
-1905143758
-1227362865
101619804
-487772660
-1986493924
-173405501
227300784
1942988747
2031815906
-180630219
1096479380
-977968879
1210383577
-833087757
557831823
-1958310918
933403534
6035302
-104193301
447556351
1033299174
2017395682
-1750620556
-864881817
502868614
-1611890370
-1200699009
2000052989
-499185292
-505179481
-481511891
1085209858
1876792830
-103472719
-180928272
-142351771
-44637734
-753241170
1211520334
32979249
-1491648370
2056069187
1548806885
-2036590778
-1414009326
2144296247
-152713554
-1519131573
141753267
-743656562
-84374395
1814783714
-1796298951
-618106410
-1098914584
654242078
121929803
-1034915904
1313454846
-61841359
-930414574
-1673529615
668391131
-1972313239
1835955997
673703194
786388994
-523518371
1473279364
317610821
-1891249109
1992194659
1009979727
