-1018589582
1549213253
910048068
1646767896
-2141287070
-544147011
-969856206
-1068551954
2049314737
-66437632
-1554107911
-185356420
-1536777686
-465883585
1715759989
1646403946
-1036729258
-1232270991
-1555099324
-777218814
-1780561066
-972810594
-386806853
1357111318
557030898
1070051673
2005179933
-413013471
-915366415
679484045
-663363062
1177285804
705974954
-38137476
-1730410956
252085747
1603840219
-1946388219
903349337
1162533320
-1611605064
842829093
181715564
1680342198
1876187975
186739903
-1983982827
1748497768
-1700707350
-2075133025
-1491908260
1710465100
204880701
1208246460
-1772383328
-2112478862
-1580415454
97428669
1385664973
-424996678
635071513
1620849854
141974221
-1651456978
-1265615916
-628077229
290547007
-1310040916
1341490442
248091084
2095384422
596867272
487840651
1985172410
402424419
-1134448144
-1669875820
-1402646862
-822670170
-987871280
-1062582428
-16982960
1332645794
-1578852874
1920878094
-1341725570
-341832513
423129017
1448274833
-1056829962
935386517
821091927
1275939365
1534391044
1416315734
1044626781
-1900434217
-871604592
-1124075126
-988888757
-1110717609
-1057893029
344047618
-1271761801
-1039276272
-1104482423
1514868742
1001199153
146548089
-120175010
692941008
325175335
692763562
2082667084
-611508418
1633332747
-1154826446
1563170093
1199766722
974840690
30060583
363941068
691665308
-813732865
-1823666051
-449123927
1956408907
150766016
994090139
1557059069
-860284864
1425466839
-347408085
1194924283
604941781
-858843300
2037377585
-951434664
1198013820
774804610
1940678495
1519553037
1724107835
42306040
1144922534
172533851
-379590825
-2086038383
-429568496
1366796815
1118051663
946632998
972540364
2139047175
-1872522741
-536086854
-1443239030
-995725068
2000167509
1841960672
-119368183
-868726688
-1700279672
-1861246887
292904941
949974514
-877837178
2020642816
1047979221
1920250353
1683493103
822393834
53253037
-1212607482
-2117640305
-1509620535
1809485376
-323142331
-637105385
-390088304
1434938896
1489149550
-1333191665
83693916
947323497
-1250664849
91195147
1410785170
508189619
237610285
412949020
2140464708
-591087608
582700675
-46477943
1431399128
-2045106938
-439137910
2076830655
960491755
1755704037
1346119706
1269089413
-1909833870
1865684171
-165961071
-1610948749
1834357794
1240115806
1751847890
-1288085084
-1488443119
1670672027
-1867697776
-307782998
1677684893
1087911909
2131789004
873131202
156085132
-872073887
-131963237
144999496
-257901195
567129472
-684817107
1460572780
753034077
1724858844
-1046268662
-643432666
1397371044
-866114488
-560786787
277399143
827848226
1376233762
1072740342
1040217232
1156249484
-1316506902
1638501067
-38570457
-70479076
-1028426984
-779032897
-93376825
1816870769
465067049
2052925414
1560808280
-1158872141
-1355046662
-1341367928
-1662254208
2014236154
754963802
-2061595355
-472433063
1303923696
1223394265
-361751111
-1327378844
-1606276684
813878502
-144809151
2132326588
-1243161855
494101272
-1987732867
138656654
1614041743
1844672715
1259275510
547129288
1893157816
514421487
2020771138
-481074672
-811660705
651916572
1392458630
-184000777
1277342989
-1677518104
-1330452933
1881124462
543141212
-959253891
874515253
-1035294088
221940376
1853918309
1419717857
1913036065
1816304290
-1728105305
-267939890
-1184009810
229772567
889497880
-672115602
-524040939
748891314
-2039324438
-448599780
-1175254609
-1072346386
-2074920568
301209696
-170544597
1809990127
2051447974
-364300430
-534341691
-345001822
1529836435
425933052
1849954232
-17476318
160332753
-1339971548
990536689
1306798429
5558502
369872841
-1106205948
-611310089
-428556428
-368143861
-1311900829
1090047854
-1388038777
-926829551
-1847781940
-307564162
1998939182
1339007494
1945510659
-327668538
236938828
1715924835
1116704961
-1519961430
-1571159889
-263383181
-895444500
-1895167109
-1408446623
-2044837356
-838851065
-728423723
-2069662658
1925058746
-997348373
1709561416
-857892154
1383708601
2130250679
1499157050
1254810932
-727980094
31036420
-952071925
804263631
-625521746
-1374443939
-2117898118
-555479169
-353067398
-678449427
358101319
1435004066
1713216914
-331586694
170732824
1860887328
1844337490
511802770
1245642400
-1424382276
-389368375
1994875907
384423933
352744109
-1651640897
1141602191
-20454559
205064045
1225185785
222295776
-1887270412
315306448
-1626172742
-1632522823
-113851143
-2060079273
-143822451
484238190
-798302929
571900869
-1971826366
-1682031466
-2104083335
697209843
2023619125
-1010596866
-1105054272
1465752032
-1074526507
374050527
-69933288
499172876
-479785884
1422110803
-486172127
-225861115
-2055599109
191131653
1846298287
-1456994239
43872209
-495552472
1733565357
1153123630
480385212
-366743894
462631486
1105966471
-1106165770
-731271768
1629998884
-2104527383
2038051108
-234942684
1774048869
171046822
-1437392748
-1321058316
811947307
-205549865
-2095406650
1822576125
-714258965
588467639
591102509
400516513
1491333834
1916191023
1326255158
336392821
114334267
-1895275860
560330377
1489540919
-1823458836
-1812540616
416842638
-1596706562
-2097568798
449590216
252876082
1081104819
-1685372446
744894162
-817579798
1337466303
-332977389
-387152093
1025470455
1779816709
-1719111712
182534126
-249153556
687107859
1004978211
-914181593
1024202605
-498117997
-538194049
-39247087
465941304
-151580665
-462414835
2093920278
1362702185
-142127179
569047866
696886230
489971961
627475167
1356599534
1554942081
1490424711
-705253321
808621297
-1211069591
-1793104037
883037073
-837219702
-1372846638
422480806
-203062054
-1026404760
-1250935028
787765518
153475656
-2134958394
161135555
-1974824854
1648146898
-730758711
-1083724139
1214824906
561810914
-1373262292
-587178523
-653123655
-860712631
-1722918370
-1043754258
1740030661
-1465309581
1230804074
163669531
627515711
1411116507
717851608
-1610810220
1025556286
1848790976
1726671059
63703836
-1629005078
1957457176
-1769956021
370225689
193861878
137997253
-193638692
-1514436876
-2025294482
-651210234
507035439
-2076254557
1012071602
-951524048
-743582048
581807491
-847245119
1401110428
471610657
-1628401558
-1837809990
-1363242525
1110404445
465883900
1764354208
836944712
755781152
787253053
-369080483
1476715893
1244061173
-460324248
1507723529
-809259158
-116790000
645518078
-1338372245
-2114178126
-773103250
1859355681
845746879
-1873328681
804692282
1369096738
1238052025
289620759
-1024934030
728478807
1679331274
1744122455
389041866
-793337806
1814818465
1900506967
-1434648880
1799629198
311252980
-1191488218
1388930896
1582089292
132680319
-1723425832
699115001
1889348382
348521804
-1880334985
1801433664
428535714
-1047635915
1940715063
-2100786301
1847162802
-330073945
970404844
-271342222
820050938
525606568
158894272
-1770244438
642669514
-404132326
-950979296
-127775326
1357634092
-2117111744
-1634951946
-1413230646
-1143990215
1522344321
1301101597
1055114993
760340648
-1236723860
-551621103
1892589798
-2030790489
-832306436
-1638302490
-164608670
-764778003
1904382748
1504226171
-1126488540
1942387215
1495563116
-1089589521
149794142
-1345666285
1241424709
-1006285998
-1116361137
2145542466
-823475973
-1648949345
1850194992
1964141122
-652286623
-173462294
1673169748
1832427875
1465105297
1661043925
-782974838
-342844104
-2102886164
337251144
410899141
-1544736150
260045151
1186596704
-567745793
-258132024
42066920
705904551
-126177703
-1966082143
-1029655720
-69091962
635043462
-1782652331
1220251482
1157616631
468466794
1395086889
1886446003
-1599644290
-1326053123
888705115
1547039690
1068787033
-1221459851
1372003190
1292656747
-1647529994
103680932
-120041753
-193569337
-1802316124
878830494
-2068991025
567747519
138603149
-1590187106
-249470182
998044257
-327036188
-1075198679
-777932593
2070314162
-418915750
-1809366412
1311488169
-1330791507
-1553850411
614636290
-544628761
-593597044
915267171
1405388433
-967663520
1981728069
636207212
1039606326
695742681
1131744855
-1573342681
2107360198
2047663770
1776109765
-534976689
-1191174280
262581310
-1475477150
-1279719403
-1127373880
-460846645
1291577935
1856289112
1471688605
936884738
-1021315134
-1487866862
-790657363
-2015282953
-495188728
-386670571
1806247968
-2082703389
1423328716
726345208
537815923
223674936
1617168281
1692200011
-944437345
1110826997
1503692701
271512593
753297529
-2097100485
-980098897
1206814831
-86215076
34373408
379737490
1450915232
-1121930236
974085571
-1489994885
-1779336405
1076156092
-1594328160
-1414199088
368176472
2114600124
-1989481947
-794604494
791968223
838854091
-1101796475
-449998915
1908327395
2029310508
1649291723
-1583158130
-594556130
-103355465
-1122927823
1540903557
738349660
-1200300731
894377906
1840498763
441104685
1721465937
-497982499
-1914886250
1921793237
359508187
532456683
1091033515
-833825657
260032399
-332484077
2138920996
768482514
1093548583
-1167464675
1455977971
2034566747
1782086156
-1317086155
-1629637466
1917926348
-937379517
742440705
1025321451
-38767860
-2039861881
-125982475
441366871
-1271325264
-154244687
1412794085
461481570
-890557264
-232494752
-1214290469
-1799044426
60611421
1094333141
-143247062
-801325912
364164498
629945118
1627614659
678580742
-406762198
181647478
-504439098
-1576375533
-892185935
-1239929109
-1371472036
-206151217
1719534941
1938096961
-797094461
323680634
330903102
2080395286
-1618451542
13683291
1683430068
480033094
-848414786
-62315075
-1737864670
-960292464
106062980
890156601
-787103008
-1365842311
1629325417
1919508539
619332213
-1209897360
18354966
409020094
65649926
1191597362
-1714154487
710154329
-67182584
-583404945
1120722529
-1299216257
1096649788
-601852243
2000459256
-210953982
-333677859
781253229
-569050698
1870157785
-1532526062
296606603
-1224081628
-1557531358
783101097
-1538650902
-1854794945
-133048983
-1927177978
-245285808
1504253070
1192854570
891016025
-1219366259
1054890614
840747668
1072832270
1993806307
1998020045
-1129419121
-900930679
1018189473
1318966956
616259072
-1523634157
-440418800
624518024
-568407477
1517226766
962328467
974523779
1415444505
-418971536
1861633033
1112161792
1273677659
-967990418
2100586357
1630271860
1152923533
1085732727
-1081765663
-281119869
2061265983
-493947805
239295614
-1722003381
867169744
2052823532
-1294052336
1731471098
378692221
-1501018532
-1347972728
-1687021146
-864527463
1709393032
-2017499150
-1437952420
-119024867
428983548
432748177
-1849191047
-2041903773
816690807
-1517106617
595257656
-288664786
1090793881
-876089030
-1907527028
-1636747283
-2069730342
910238901
172773168
1129766976
-1404410434
-1206227637
-1663937285
563029179
1120389190
-1765939903
-1031967112
-1841632023
-1078942295
1896316205
2068098230
1147354770
413471044
-422713638
-453172645
-1295090367
-1982086450
-480982418
-1092035585
1617665536
1358510287
-825579058
-288585290
-1521069211
-1022226862
540481089
1388162542
1159951826
126908377
-396092333
-878418565
1280650231
-1866458224
832047611
-930538256
852137883
1463990470
363000576
-1820866768
1677134492
-891071848
1981126551
-347641532
-1075247052
811913710
2007863633
-617738386
-1712744835
-867937621
-1940067789
1593212797
520135734
1161203744
-1525579226
-366068638
-533494073
1235952833
1740826257
-554193149
-1239493502
-518549222
898859076
-6977458
366812971
1198996995
-1036239977
-645812079
-1103080774
-1903366638
-1211625774
-1825351671
-394544034
138760784
-1038679345
-1143145288
-1397162555
660715056
-1426677282
665090427
1643278490
-1165166916
1410855144
1080324699
2098314831
1231829265
638146262
-735595997
-302403557
-1100999667
1826428467
1954827569
-1911653562
834806086
1787510031
637902225
-1019212380
-1749669571
514338599
-97424313
-1462886818
-1352311085
-1057542590
1520819179
-2076834057
82664955
854754525
1033037947
-180967282
900981168
-1579600118
1017876588
-1680416416
1013671209
-1049862764
-187172094
320820881
371467339
1568968551
531836897
1392547371
126365535
273284398
1165243362
1273681254
-1877441020
710943549
-1886675158
-617820375
1277980007
-469748302
1463550073
-729577775
-1261210192
-1072977194
1225040319
-1818430672
-1714560321
1188202440
-216301068
1676400087
349596695
1809797980
-72574936
-1639234920
2041808922
-1160457408
140620761
-153838778
-885672330
-645400736
622300804
1915945918
-1783923233
-1153263733
-1730551170
1961595435
-1028976386
-1597905066
260676355
2025963396
1134349992
1817035840
-1725075057
282319961
-9367213
125059606
-1625387924
-326922801
-1482751547
1522997657
-934808948
-1476749591
1345413389
1303305565
566814872
526152200
1770094007
927078643
1572309832
465141428
126863418
1196211786
-943572235
115394460
-303252811
-1969846958
-1270633365
-1720081189
1193019354
-46325279
-1018776828
1839119996
512181546
2078372826
-1019996175
197669696
-206273438
-1900735093
1337332442
1886054302
264802357
-496505769
1308768170
2056208650
-1566326726
-1865703532
158592419
-16658054
1046714407
134027702
795788216
-186337499
-1375558081
-1186826324
287389211
-275729267
-1317841655
-1295119734
171292947
-1155447617
640263234
-1216524441
1846091027
-721997863
164822291
1203044744
-153444344
-1003396147
-2059758202
-1125537091
81477618
802428259
1783371574
410408459
2068259510
1699900804
-519209658
1549355146
1091381041
-1028700492
797203859
998827152
909505424
-676479264
-687206099
370219791
1081939166
-908943015
-1579847678
-1655959749
765723614
-1820070624
-1799875620
479121519
-365944038
-1750860957
645420684
1422741073
-1665004997
-52819385
789610343
-1673073869
-632966501
-1634586648
-122760207
-1468051268
1931499800
-1445267043
-237404200
383609543
1987717419
1105673088
517244963
-1719358326
1947141432
-1621175251
1872182699
815465467
-808255450
-552507192
578937545
1047535470
174873650
1011506501
-505710512
-1524569726
793649920
1630899427
237692349
-1331929282
1918610163
817399544
-654446419
-157473674
1286512061
1495028724
1440987023
-780305805
-811707335
-903870817
1367843737
-788431662
935369591
63741349
-1674246657
-1215444820
612972312
300349780
81450082
150925815
-307317540
-496703069
-1221969786
616065835
-489659015
-1206478731
836888392
-1798847704
1833078446
-2046438369
-184323378
40066390
-56415594
-2011103705
701434879
-623245299
-567621567
-86007218
1664444214
-2122640073
-237870720
837482961
-1539917775
961861940
144718336
-843784470
-979306161
656520189
1375411097
-2054425444
1024389626
-1231419253
-335248408
-10221904
-13848479
-1058814343
-1846569190
-596253190
-2040698262
1648257512
-1135350774
1514816736
-399902233
-174811742
-539458162
1324832796
-962697209
193637249
-276525810
-2054078528
-231719922
-365689071
-691494315
-2125890438
-735149752
-1727086988
1294783659
-491129575
-2074625989
1015025030
-1883465437
1201426512
2101421851
2064240448
604721712
-1175017800
-1375847038
1729341793
-1824441218
483578139
-1825702048
1755893322
-498477825
2049300207
-1451250897
2100656425
-1673917373
1809924383
-14741653
-698513318
1318443788
-645901039
-1416871103
246929929
-243135455
-134251548
1030338182
1506823963
-1989652638
1951160825
-1492726550
-292775858
1499523612
1143036597
1008498796
2116956574
-820602722
522695812
9733904
-1997656086
1326347532
-1234753248
-527722544
1641399511
-1400440974
-2101672430
-1471616305
1883282676
801006363
1484269944
1726382292
-727417825
-106810077
-1092088055
-1290322443
-905200602
-1980864437
-2114377386
1713374098
-1805217360
1977393676
-1010496686
1492383109
1337015134
-1762616082
1855006228
-2118951273
-1288995028
1416651801
-956883238
802154549
-1463805411
736900140
-1121058479
-1173350045
696321559
1596134733
-1136799214
-1764273937
-16270837
483295872
444286320
-608784662
349620312
-1750027716
4300400
-2002869932
-825458831
551965755
-457377256
-1001388010
680292540
1765136529
1962380012
1982276660
532677053
-970746880
1803585717
340379202
1718381427
-1942792822
657184900
1608871959
-2053190654
-449494714
-1982484234
1791057344
1234513553
-1190853513
889568952
489925047
-2120897163
1442821850
-1107194547
2026373205
756224654
635829566
362166286
-1512466812
533764593
1495613786
-1914853518
273242040
-575882553
-1763962150
-1849434481
1016364831
-153806220
1218119098
-78308128
-769716202
-190575109
1998889431
-1222256568
-1932992033
9063840
-1501284413
145871703
1176187537
-814891314
217886424
-845163573
684193103
521173051
-1899126641
-794051240
-149729348
-1230937015
1507742994
-523168597
1498610349
-2117458513
-448563953
-2106839380
-1539933664
212083288
-1567783730
-1096249341
-632922003
-1992763254
1461419141
-1510522658
-1204285253
718266955
-343010837
1689262320
-208227147
982469375
1814923018
1772963772
-31893124
-367453355
-270724519
-1243570926
1493788638
-837075100
1901343753
1574327770
-90444856
-1300944112
956796063
-82743025
1582522105
1709760690
-89126718
-278277874
1755769592
1384332792
150500949
542420241
1485264456
-2076069112
432461512
662968053
371790041
-818296853
-1223163221
-640509629
2029917120
1810437161
683242115
-1321455251
-968783830
-778400593
-74039071
-621401513
153250190
775441401
956938671
-338978023
-860252383
1454323820
1694173901
318541315
-1312094065
-847500029
-911545892
-616950816
-837215769
-867137490
-581614760
1916389247
1678516950
-2076818186
1700153068
503285102
1860160791
-746978716
-1247582975
329538568
-1934959062
-198992605
794694039
-1437730894
-1012045757
1999388516
659513432
-965079199
1989973637
-1171584255
846777834
-101345954
56789103
-987774491
-1663579516
-602951603
607907990
-1500180310
2050939331
2014625899
1401186964
1539989379
1543527358
-836897514
1914551360
-1557181093
-1655418025
2013673106
-2039646690
-1351009986
1562623444
-904042487
162506521
591232504
1668894637
-1187035693
1242863471
2122400763
880847527
1854104568
-2062893332
-749073019
-1610981087
-2146430734
-1787467174
717775106
-207856979
250749110
681821239
564671918
775646690
-1753750539
434320552
1965622910
-770423953
-1532112993
-1027388242
553234240
995546739
612341928
483438742
1702000640
1048126988
686344205
-1813006922
1003090606
-1391793107
265030425
1708566357
495357
-1324520011
1991820260
-1632442646
640747661
-2089830468
-296051172
-603759735
-933358773
998301231
-87610361
1617290394
-2144343528
-2010181730
-1097216057
79479755
-169827416
1510183508
1729000672
-1075039673
-1543999060
2067332776
-2091917833
-708864729
-1359663565
-79017326
1496746716
-225901271
772987725
841906816
-1040090422
855973279
-1809188623
241044330
1650609901
842548905
-410856160
-855872989
785027363
10088102
1674263113
642845682
662708998
1681221351
-598859793
929102945
1541085482
-407939163
-2073869944
-315427756
1634698915
966393653
-1828274264
-1403695524
386530505
-848187271
-756600994
819883085
1552794430
-415349607
-1942307874
-711630323
1009781808
-2123533325
663895648
1299839406
930851035
1296386639
1793814598
1858102463
658309713
1485646423
-1565418620
-1698287905
-1993450883
1241453637
1768844604
147539346
-1657235100
1090135005
-119353689
1251158359
1184705198
-16090722
140109884
-1480614919
-140398747
1516897076
-1534676214
-671653851
-1197570053
48289584
928955497
2046877244
-1713538415
1168316410
409665489
-1071529366
314964342
-734686715
-1842218231
-711858185
1017695725
759269701
-840146813
-1092540963
-1001051341
1741908446
-1377301498
-48967527
1740467647
17256477
1326652813
842728773
-325973301
1424071595
-580690321
-343993882
-2044890093
2084635135
728519871
-1716809981
1947464668
-155528172
1169729781
-1967391114
1572259127
1460235100
480362957
1592329093
752479366
-692063757
-1783973266
1186433076
1464898623
1903557143
2115114703
927228884
54260207
-741304104
899668566
-477407521
-269158526
-554305525
-1595153215
1979805703
-1173793600
-934046844
1337112905
-624415092
-515338982
2003735939
1955402756
-1723861555
-463067737
-486996370
-1581190774
1226155554
176303976
-86129728
1898507483
877686504
-801525293
-2120191423
-1516693632
-1566429732
-403392113
-477241481
-1326010385
462286764
-599781509
554468956
1034574387
-98736693
1935465460
-1172034736
-1435844916
1595368836
1158724183
-548486320
-1093159981
-1556691886
-1687879484
504633960
205280354
855778670
-861126619
571796838
-498030030
1591381160
487669870
-1136563504
-767963772
1558170234
-1067254490
759320343
-460218555
212276569
1845847589
484118539
-936541844
531719246
-920196962
-646001774
-655511130
307519173
-1831402401
-2001146476
1448421941
-392039003
-1566936745
631619897
54799637
1191704992
819829080
1170628950
-1590829728
807551691
1299081758
289324068
-607941902
902774129
-416103536
289644082
-1130982320
473952291
-1847523771
157939868
987497157
-138817773
-19626423
233297533
-259308339
1917972642
-1351621088
887797153
230927031
-1152485578
-837050870
1395537535
-738555515
1330922577
-418434168
389633893
-567400426
1280592094
-1074272993
-363352331
1350032006
-275970354
628608603
1439128015
1780084693
-1809180701
-878393322
1290506127
2009880006
-2024485429
1935575289
-438365447
-2099964151
405159792
1304939075
1740697971
1923618715
-803448946
-106531639
-1932966477
1822143341
-256329595
-1607787971
-1126501960
-1242160317
1980336496
1474313906
1730315261
41012191
-1857453963
-2121910689
2107751404
445963102
63290974
-1012360286
529162640
-199567135
-32682136
1527161160
1581409423
1769278063
1129801051
-407386869
-1743358378
-1907305191
-1169514790
-1249204645
1916769173
1818327902
1277227004
-1045166751
221458670
-1617109551
-825688038
-1128255936
-1719861528
-1712250376
-1621159702
-837200739
601651497
913531767
-983252276
-2103860383
-464538396
23450478
-977253788
-1446509379
-396877168
662039070
1543564136
-775231890
-597870886
830050002
-638595910
-250839487
2111581915
-2063836676
-28214855
-1035971879
-816618611
1935431069
1294836947
-1942877008
583721083
1934090218
-885522594
-289287333
264450487
-647719892
-61982040
-906839279
946773265
251747815
128747084
523503213
-1616364923
1328814654
1555767239
-1604960142
811573236
1843751829
1718404938
1999205072
-546892777
257139576
575614416
751959141
-1661109072
465561274
2028712051
-1128936442
-1421050879
-1601769503
1076360443
347865982
631665026
-669445183
-214221896
397756118
-925412915
-1017418650
-1882817903
-1218233386
-896103971
-1019851209
703239516
-1107690036
-1537777289
-2035061929
-1155971217
996051339
-1214738201
-1689237170
1444057718
1561421238
648740335
273673448
1061799558
1625623358
-537734148
622911581
-1190496398
-1231826392
-635081829
-2070218831
2137453405
-1421777261
-1053182678
1563064157
-1367404912
-802158087
-1394074926
-550207185
-414754675
-474864460
-168686156
-1722094738
417730148
1290070980
1580773986
2080630337
272391748
810098383
-1272094576
1424757584
1502072916
18555496
194898442
-2033192021
-1301223229
-107218285
-276177687
-89927702
848910109
-1752110712
1640838401
-2053144938
-284342560
-1571309897
-1723846499
-1546277689
-2027903665
692707852
-1397539730
-1201369842
679112837
-1542895756
1680419519
1825050772
-375561268
-17500514
1629563373
380898947
794727727
-55753978
-2048578026
-1319174748
1336924237
1316638766
-1041710576
1250698312
70056559
-120021458
697267101
1060004460
238562269
-1415357841
-244232484
627767831
-832361875
1317828787
-1415111423
1280702983
1990721884
252631127
403659336
-1288163700
-204639648
755431900
1108875046
-859259726
192961533
-891090781
1185495233
1019399077
1802285335
1579367671
1720568994
-1847467951
1194710472
-2131764655
1685218217
1104531272
-2133363341
-702919210
880388161
2053728489
1576347161
842215715
-976772141
-1322957891
1043361002
381105485
-277387393
-613791452
939653151
-873383389
24513545
1788209200
-1676926458
-1689250379
301546769
880546512
531239262
718458906
955696007
1721854257
1742736100
454449004
-1754938532
878851936
1124517933
1757147159
1332322429
-1277613773
-1965758538
-812653229
-1341014276
220387433
923191865
1850490350
2052625040
-641099504
-65638079
357267790
-1329614529
418850854
511324928
758880438
781049177
381689987
855267168
-1390282552
-628147544
-608740875
-182783401
-1660633270
-1433984284
1547015852
1587056511
-1667833556
-1954132628
2124686040
-1010072859
-1886386999
1196375603
-471905648
28242720
740934765
-2095173640
-22033931
814084261
-1211099881
1204350393
-1247241321
-756404646
-894773889
696143721
1739114775
-239784088
-930952870
364137952
2098668044
-353501611
-1394309925
860807698
-1595409110
703775057
1703414909
-1158077565
-1696897119
1521926095
-651416321
-1890756102
-2107349310
-1771917993
-1098854480
-318769548
1972383720
1043221914
-290730260
1175234395
592345749
-953694778
229117670
790887415
-1427484453
1074671387
1618402982
-678737116
-1785396740
1319780030
-501750443
1753731397
-388293804
1298732749
213655480
-1383515784
-1946842249
-240479053
283947514
-925432309
-462990442
-394940228
279351725
1825016877
-1166382298
1734001387
1693994002
-21072152
439663042
594854155
2042588312
1251738958
461917008
636996099
-1460189278
-1843038222
-1022352797
-842231186
-35443315
260202906
-1512223520
228427371
1954171377
-1418604750
-1393680669
-961301328
857453350
446003970
1780725731
-2142316827
938831369
-1335853277
1999123987
-1174074577
-655267329
-1927660753
-2131084277
-1687416054
1621604665
-432185033
116960423
-988337317
-1526363847
-1064935943
-1399602897
-737029691
290234261
-1199337390
-411640392
-1565455558
-1392025861
1286407153
324061129
756678613
-657876876
1513136973
-1365892288
108396519
-128537364
788206808
49568118
-1699133873
71942897
928298868
1860783777
-1050473457
-68873029
384660006
1045858682
-319635173
-1501980052
329861897
-1272139489
574062194
-1020750696
1999305092
-239696583
-950270606
836025094
-1036458049
-2032618399
-974987160
1362170808
-1108584622
202257599
-1041532826
-1875397080
425827647
2034172660
-1252903847
1429405396
43755810
1711893305
-875891366
-165153028
633097126
-822853432
1060537412
-1508313942
-1982468037
-779966598
1315488902
1283700466
-1515012603
1703433137
1973338169
418284155
-1137159145
-425237385
1547755892
-276037059
-2033281824
600783847
-1736512289
775286923
-1885129499
640022987
1813549446
-1367684012
1963655344
1530690694
-8478225
-1032118619
-304280057
-771290060
-1096398227
1796674673
-1951183775
-1257040881
1185470646
1723166868
1455368341
-1324052972
-1847596877
1962482197
-560449580
-76806939
-1697183081
1162529451
-682222119
-890220559
-1301727693
-1066360446
-509205922
1280667089
66166663
-2134532546
1923099089
222044405
-790839141
1698646080
-1406794425
193737343
1952427152
-913308121
1137921457
-1267368082
1038680049
1704520089
-1271710131
898774015
910164558
-2142899390
-178961826
1164368207
1434176779
-1709436132
-433051106
-1927079612
138775413
443574513
-1563477261
-565158738
-294246379
-1011578595
-347894047
2051647400
-581895351
-1480865384
-536381632
-1456842684
-1717416177
815389491
153671342
1486334822
-1155412956
1174090530
1768597062
1117989872
1474700365
366741690
1155340817
1614966815
-1514631693
176876410
-160491332
-71644876
-1259608843
-1154468529
1492318859
1277544790
-565934919
1742986515
-1053047923
-165821514
-524603516
-621843113
-1617474287
1559210740
-38365429
1584538465
-1707273640
1034023361
2013026890
611940983
1200657547
1609978308
-1672246125
-671045794
-913208849
730242241
668998121
-1553086435
180571222
-293929992
1222614158
1699466246
-1820837160
-1839578677
1072003034
-361998346
604308163
811282850
-1958917043
898443995
-265616433
1806164498
-1862788888
1146144374
1900561302
192060732
-1885758024
-2012061599
-355556286
47047539
-1365191758
-619094189
-2039786873
-818973663
-528511546
137423011
643997395
-492797718
-1002268883
-1209253366
-197937724
438005521
1198318342
2083064748
987425754
498715419
-1247960800
-1142122919
775983213
-312782159
-2067641319
-271984113
-137528351
-476497718
789775527
902942915
1241369879
-1603860471
287886901
199768416
492669478
-1225472157
-1620934479
-2072836336
1205999690
-1384364796
-2084142172
-1678049095
-951140580
64858995
-774068606
1253594313
-1216238845
495830259
-1982027197
1533945142
-1721097494
1184534828
88297522
363089856
1312810291
-1330573045
-1784086012
75429497
-1214324758
1851354341
-388864213
-110654330
2007611453
-1102259998
-1952154772
1119054631
-1215769301
-1457857640
-567608658
-1766837516
-37559940
780786422
-1099352555
-1690403480
71760112
1350112099
1008379471
765960867
-1496320837
-590848730
2068434733
-1780246677
-1597273297
1093428231
326715509
-531617933
224868027
689714486
1092878326
1898647520
-804251629
-2123413652
613877979
171228680
114444208
2098291024
2142800964
1962522236
-304657797
-1130102245
1223995154
-1617106872
-1559585340
238760062
1655865602
-2032308104
-1377399175
-992095294
-1841280771
-625569314
819646355
927988529
-1069038931
-73341677
182551507
-47204428
-992992941
426247354
-1209094482
1456696253
-1159926825
-1040696821
1764835461
1239594342
-1592392160
-1296306801
165425688
1083266778
114719653
-363274200
-710843588
-436879116
-1530601660
-1223069612
-496029492
-177527771
250696786
1078882226
-761465379
1200171930
-1985833742
45763780
-1899893708
-2093365603
1656523178
568235253
-634052612
253207610
-851425741
-971959586
971795123
-1530510042
-200376433
30280900
-1772377755
-677460004
-99430559
-1408145563
1297392157
-132459767
-1450223496
165196020
-738505577
-1608957398
1067819180
311187552
1240035898
1739487346
-1246579731
573478108
1624758596
1894546928
618783896
1561510299
517107527
-1322431759
-222642932
1002975707
1465919187
-768875102
-995887491
1192214821
1230929012
-891341318
1033799943
459514834
-690235682
-1579961386
303638790
1041054673
-113559962
1190089573
1793967524
188544422
-912332876
-614640699
396352690
961835445
188689847
-1172974610
-99895364
-908886592
640489176
-330346033
2352727
945595053
-330239631
-1721337930
475761084
-1001502068
192353152
1135270900
3229082
-1917205799
1563748759
-112879936
-13112793
726769405
865829143
-463941029
-516478089
1618820890
-1622408803
365279605
-1999635951
-1185448185
2077608379
-453482545
112545983
1513804185
-913497366
-1829781216
-515667035
299715620
-1417363265
-240037316
1112382613
1277388353
-465338531
-239624077
848867489
2029547984
930288939
384535351
-1326179599
-1310191808
-245650491
-861953023
56924373
1126441485
2043384887
1443799156
683098909
1565985162
910789224
223103681
1900134568
-983948832
-1167901740
-945122227
1943703098
1105514838
-204405379
1921691281
1500344211
-1110923822
1849892131
1487687234
-1287823940
1267943071
926652850
1821080753
791053987
632766063
1218187003
-2105566349
-951569942
1760092580
-1748717402
-1957396924
-660103429
493671626
311308391
-1203716312
-1948635041
1944713064
-2109289616
2041229523
1825994832
724088568
-1032963290
-1520463030
150010508
1917193778
745766166
-990449975
352499563
1451275408
-160258518
-1000982297
1996805171
-1188347378
1746941207
-2132334601
-1488063317
-1045017806
-906848231
1179998385
458430957
-579749557
1450301922
734931474
-946398592
1121247997
-140465713
-1089997952
-1919875162
-49207044
1777415005
386136368
2114130929
648747798
1584101594
-1982807348
-306131172
-619550345
1037182303
-53954481
998034199
-1208932824
1240336893
1747134771
-299696541
2070878936
-2013808075
1533813198
902199200
1563309791
1385823149
1792652025
1518220899
1754356095
-763429599
-1547989006
-571065011
539950188
1157990551
-760469885
-214486696
-1872395634
-1193630506
1190696291
-176678284
975122180
1124555288
908535003
133372242
-1288697748
466193918
920266156
1861166718
-812110751
1015687875
-439920081
985542323
-1298573500
514983348
2019184062
-644865942
1614193727
-247318305
958021202
972078771
-1415460473
-936647670
5405805
-1899016888
-1920379680
-407992089
705062202
206334431
-1435521946
-826050940
791173874
997959360
-982853751
688912392
1704812416
-1072973162
-215395240
1916746396
-418564761
-1499375223
202931459
490741414
-1004983581
-354546805
1330463130
1089628220
1720841038
-909274127
-1701299685
-1802370345
-337169723
1846132294
-1959111510
1340492870
-946757621
1737335900
1178575906
-383345946
-1109204820
1596899747
1406800588
-1142656240
1085571941
1313040317
-1368523411
610213841
186760387
-882677679
-258016635
1084990176
235784713
1588135966
-37006890
1079455692
-17621418
1202032467
-364320734
1389995637
865451527
1050544926
-1533107399
-258948932
-1711969191
-421915517
-1960736206
1884546942
578981715
1511501934
-770890248
-667163971
-1788678686
987012362
1235412488
1245239584
-1463702459
1968087123
-1705734792
-1211870563
133704363
2065804266
-1699091398
44315252
2014554649
-1669076441
-1470994270
-426845090
806738833
-913504140
1561795877
-137365242
9223536
-1359523112
283807330
1628474808
-654284009
-778144558
188693862
2103204695
1350288078
468251496
1595841067
-827737964
-346094108
-1383680898
642652770
1942510428
704239386
-1447024789
937982066
636405138
-614712512
272032457
-677552449
-446347010
-2069594080
1219611532
86639407
21550724
-787862117
832313685
-1681819927
-1353773928
1078224146
58706952
-280777121
1226324209
-1712565497
-549886309
-443644530
-1003273860
-480078077
439092017
220480644
-1815959405
-1396128327
1620710503
202860578
-974053266
-552703637
867723244
451130147
2136433113
-886889332
-1806287274
-2099721380
-1973667289
-145368410
1565428788
926607173
1404240998
369296253
-945571745
1333940151
-1632894509
506629237
1047030677
543865335
1867335056
-1108874192
1336755527
-317735438
73541524
1156402299
-2100000335
694414538
1545237218
-804458902
-651551445
1344555921
833733373
1715088576
-55615297
-1472055725
-315964262
90030229
-1209023494
-1931874471
-693023337
1368337458
1772888071
-278110548
1894875179
-507547585
1031286777
-1300838953
132214111
-1904775393
407288423
-85234703
-681710915
-460414309
1117143101
-843414054
902991686
82118589
-491174703
-607461692
-1506800728
91579646
-1647148236
-1498020619
-923577936
-171749725
382641354
-1819017526
-1187823875
989498723
891964701
-1151415298
1339145974
894159693
-353595667
-2110376148
390633469
1382853352
-1221910901
743488402
-312911900
-2032161637
300864870
-1058110697
-1737813089
-217414065
-861644058
-848314226
467136059
1885851986
-659683720
-989861316
-1273521394
1082864254
-1050063127
1348180119
-388804816
-646094694
-112502025
1833897296
-1832724951
862432511
937264933
-1964530028
-2064007701
1356657278
-107219761
775078541
1749470722
1736969856
2017818237
805885742
1656176137
-521779089
2068671867
1728823856
812801888
-734639275
1377135784
-303327913
624537115
-232090175
1570616462
225796857
572816700
-1703377935
1387846835
-937177408
1357754917
-649373651
-239059410
-1037998418
-1868741817
-650844816
1250685820
-1322710943
96366111
1403764814
-867532396
330356376
2112804963
1086396945
-1241416136
-628063499
178393208
1689692708
-280901747
740028420
-726130394
-239121996
-1506860819
-273191045
423439502
-1145363052
564414716
1702568131
445858394
225094240
825875705
1926181814
-1482234570
144805605
1250401622
1262687146
1877078912
1068867776
1214048137
-1065501010
1704453947
1811625796
-1893304028
1564855571
-589192888
1977315488
243585059
-763106003
1099838423
2100206913
-998785916
-2113218726
1060200474
-431522443
1874392861
-1239679421
296729403
935474512
2116604329
1984986978
-1506562416
-1997268269
-959622109
-821946429
-344602867
2131214921
-1508549801
-1345838834
-1879701511
564325620
-736719691
1817762500
-865389339
-844481047
278279015
425690055
1133004504
126933304
622484134
-388233184
1971814607
350245199
-213796535
-945207556
2028853092
-393771361
1383482014
-1944898312
1106288588
-985309825
2096590973
1144413854
-1710048762
-546410927
645307033
-1502179538
1361947216
2040206306
256962329
1458741152
728651229
1488813078
-736632730
-289951255
-1810606395
-1040867644
-1026417594
1154899069
1446910781
1769160415
-479436758
-90142187
721110023
471095765
-260915517
1400836529
562165291
1869654331
1570777818
-902149408
184226791
1005132457
1952144225
25240127
-1574661917
207380962
269835460
-1070697922
256398760
1703938360
1055875972
-880499670
1308190291
-831544274
1934799879
244571494
1928347781
-1069938594
-1837190231
-2038481668
-1468357475
617525405
-541165802
-1818628780
780287529
936095324
-46636582
1335692866
-1284448359
-1890661039
1063234361
1573108549
-596622027
-1187852971
-1204233157
-760565235
-387017904
1405867663
1495243531
-1817879235
-1775238211
1404341202
-1781704831
806504306
122254978
1701797700
658877693
1196767876
-1285105205
263589183
306613622
465407755
-1560568543
-1802804869
1747421650
-771526620
1940562907
432122476
1811204983
-428927115
1167485652
-1880457496
-1119382751
-1335278227
1654740318
919255564
-534294282
56916432
-600746635
-1162358432
979085783
2097328242
-1249287369
1425140025
1279852024
1146332738
1526626195
1549814622
989217970
-1857820022
-126550464
1917592558
2071220631
1981104244
-957418767
974104704
-1295264058
188552399
549592518
23989644
1511569537
1083051027
1234248453
1001057800
-238123524
1901980834
-2120656375
1774061910
579545975
749300048
-1902993542
1483373405
43659662
-229928923
779982526
1070519028
1453071823
2071388513
1838157486
-1451906425
1592445069
1257919167
255229324
1480894196
59554803
163365630
-836974539
723648694
-1290342309
-1317166692
1201653906
-435750076
1593670112
-745419036
-953399468
1740107451
-825689295
-1086326741
-1658364704
1791018938
1152381352
-875563947
910650758
14623116
-1368379750
966059166
855913721
1592876684
2117472752
-1552802409
1849136379
-820747579
-1104913930
-1009312659
1299192663
487576792
115907698
-852554639
672232212
415959330
334871800
-91971373
-881969945
-914162915
-1346440067
-2115811663
-1798714647
891025671
1692614185
856355664
-1377281143
-1485838912
-1612563088
-895741272
1220407235
-937151240
-453971613
540367397
1378699409
-2002713207
806734146
-1655340117
-1109780574
-1451950560
404287062
-412142373
-48656567
-855125981
-2008099075
-373451116
1413971383
1865909454
-686786810
-951295812
-210409619
-1264912225
940941630
193879616
214717675
-1964627724
1880845899
1275702616
-1554954323
-1668073487
-1148601161
2018590735
-1287157161
-558019929
-647487921
855073026
1365987374
524854642
-2145139026
-1499643801
-755869750
-1253725534
1605193492
-1979724463
1424459017
-198008996
-2054265989
488791857
-1722702265
244996802
419736812
1287386016
719640779
-607370415
674270478
1343489114
-1073659773
1229733515
-1455718657
-1127728755
-1833367820
-648055083
-62705306
1942256724
-1329408661
1191517089
-1844204088
-146068099
1927102072
2063105999
-510910181
-1283226478
1517996700
1330395728
1596922264
-706716905
2111151169
-167498484
-1592242731
1276241935
-1727734038
487495174
2057257234
-44486715
1839035818
1834651324
2005883090
-516150328
-1526031142
-1244881453
1548957613
419819318
862089989
-877117709
-403017372
107891517
-1136288473
-477133584
333311030
-1518815265
-1466402281
1005074985
337150833
1515357428
366451008
1829249845
-514932917
1509201781
632318103
1847609275
-1600539151
-976406794
1101155784
1903781280
-1357485600
872066932
-503603534
-2007895448
-589547148
1726466897
1154034965
-1605349675
-1003342914
1688693147
663116170
-713944876
2130994842
1887220884
549904819
1586202521
-216565249
-472794002
888331698
100195848
-964023144
-810124714
-171925282
1314160470
-551975532
958300083
513765812
438084080
1083559865
-1196173905
-1677636341
392961179
-1354518081
528077045
530655371
-595007012
-1161431077
1407376828
1673947231
-1051918951
-1428036967
61376516
-1839367127
714363136
708382446
-1511701472
-1513564362
1780828327
-919516275
48479091
936163314
624351475
1844703097
1947181438
-232033634
-1475736386
854820315
-89107175
-1951452353
-868036044
-587209963
1473630720
-155620647
1812345341
299759382
1868871313
-1556128803
1940018336
-2116423441
1807114707
-1466009121
-790169050
-820017242
-1961988678
2066387083
-124041219
-1106412470
-59307608
-654121511
-639102689
259434823
984217911
-1462056065
-1688470413
-770428165
1908685621
523588519
-945738381
1351724424
2078186735
442178786
-414035186
1859472363
830848434
-296982181
1406615759
145976397
1102071438
-278858417
588215869
123606425
-1720034723
-1083555652
-686606203
-1898562994
-220626429
2101624920
1455039062
313382038
1257019638
1963698628
354438668
-557371498
1757380096
1055936257
374439440
-827395578
-325940157
2131574051
802416509
-2114732540
-2110644098
-921202109
-482180345
1589082661
921349773
-766492999
163645464
-2099013683
-781571274
-634116725
655488571
1361767104
-1750610398
2049527839
884560061
1452860920
-1460178904
1159670072
2132603025
-1323871816
-117569071
1694692127
1648201844
340840161
-812575208
-1001853664
1337063249
-907560061
1105386865
282975288
775939301
694045878
1861872908
-1159992565
1527030950
-1400507989
-191742374
-409397989
114911969
-199666691
1718276815
-2007723721
1723719713
1451592012
-387266582
1848373040
-438993193
1444694540
87369586
1515707602
-785733833
355615130
-2139949055
-449067502
-1959490209
1531562896
1452233157
1473430659
1431004606
1604039257
-635864187
-1665691121
-368544845
-2007710969
-1816308766
-1750306078
591781492
-336049565
2080541407
123947689
-2092142543
1086639941
101150627
-1802153732
-520379528
905551398
-1577822596
-1904404201
2090509018
-105842189
-1640965337
-1229135664
482811599
82576931
-550206642
1088838341
1524702678
-1683309045
-882866863
460875732
983640800
-1044673168
183023433
-1132825649
1803060718
-1953276322
-1481774519
-98277008
-365872392
-1774702537
2118923750
461205898
272515857
1331006478
1690564601
-456461951
-1031138361
1613982261
-2075358045
1129086204
1435779279
-1463984876
-11795824
-1437028648
-1231744030
2085688636
2053066624
-1397088929
1936211681
1307087547
-1542272765
-815080007
-1284633537
1302697905
-1969035901
-1581233502
480555423
470364195
-568751737
1778385501
-533616453
813392654
396125493
-143503385
-894619000
-1099669313
-1727715815
-1416268944
-1526699881
937017953
-366706396
2119728646
-2067234626
1228386007
1067276534
-1938049901
-717740297
-1364789044
-229276577
-1096831479
-40234617
867076615
-1035077341
-630480677
388379490
-696274941
-192127235
415667118
1124937933
1959927230
500977382
1671849296
-374080955
-945965359
-875642218
246603753
-1487687265
1077770176
247625802
388647791
1993358704
-1503129709
52973256
1280848735
-69587282
136314533
-102572640
-1178184791
-1214849897
-1668919621
1741737395
39510251
-1319904559
-174573480
-1215973895
1058447330
1299787218
613501262
-567443330
1213759516
-230694527
-30351208
-640509012
-323768846
-639048163
1086002023
872381392
-2017439819
1468684126
444223354
1010315478
756965927
-1941466663
638078642
-498002857
1667590189
1764407976
-419811355
628347861
1597170113
337419593
-1091254031
-1309385916
724876845
-1226701882
636192276
170615756
-30655115
601091350
698182267
-39540019
-1363610348
-142981693
763954712
172692771
897772523
914818764
-20351816
-585284950
743833974
1193926348
1272691284
-1751558652
1395659840
1502792027
-1066594138
-591989607
778476441
1341929651
-1907885569
1345503967
-1843419003
1358673302
1199517015
90104027
1655013878
-513664657
676507557
-69195034
1708871742
-1948072265
1782361713
-520600908
-611546178
1045136282
-363270234
-948394862
-944233757
76339929
1563617964
-679785234
-1231844525
862791409
-701243722
1304539676
85013090
1438559101
-2102691240
-1184688553
-713490230
-644652840
-452794277
-1182829051
895018395
91182598
1968395732
-1942186434
872324208
-1037775660
2123777395
1353119631
-838130973
1125348413
473383960
-1234652934
1724092738
775316750
-130821461
82081601
-1043707262
503497933
2138020140
2002998371
-81348749
-623693097
-1380960504
971494246
925958453
-2034605113
-434813777
841065559
-1017479446
-547778786
-317302174
-836174705
723700396
1140691744
2136617041
1868117815
-1793805887
353366780
-94950428
-1760134643
1101362189
1662456623
2044653144
-1513987481
-1534851385
-2125244375
-440682354
-304087432
-1618129297
-1866659025
-174082017
-962095407
1886749695
1174481283
-854355533
-1638986710
-427411104
911835587
-1374503789
1163119971
668184863
-1375812722
1691976571
-2057328187
1413709152
767124845
-1823359308
-802028660
-1947624942
100697327
1405655906
1904944809
-1797228956
1533289749
-899087334
984598467
-1777098378
334655216
10190519
1660350335
263982675
-2044864376
-1239051410
657774080
-1832377569
698635776
-286256866
502887089
1431897996
1347811575
-1157840148
-658389951
-148773230
26976816
-1383503089
514266351
-603121825
1317316980
1776752360
872922887
-245997173
-819159114
-1519771563
1616459179
1753796751
-742879368
-1622642619
1611355606
-1748907401
758996846
-830417265
409027486
1451384279
869743456
-331379969
-1499179080
-1519191301
-514578604
1809918898
2002379073
1963789409
-380493589
1375128739
762101691
-429841813
-1160547573
1992486021
-1060628139
1365747280
1112678334
-271555886
-537874066
-793425837
814056537
1287756579
-1929469093
-1706320584
-140796960
-964185662
1815184744
1272028914
-1059486808
-1961474691
-713738211
-1123613536
1437410878
463606460
-2100435519
1358996922
-2089537401
-1111118890
-2147092957
-51684217
1859826984
1506337439
-1537148265
-453633070
-856284633
-1359169723
2042811967
215690204
593980626
-2082021284
-1511348597
-460602732
1075419103
-1340784586
374681602
-1577030907
-1428162604
1914887032
-1101868223
1113845775
696900009
721233129
1427721796
-1913274791
-1338544213
420590221
1599720932
-1638141562
-1911150430
670674930
-513272928
-1377009498
6870326
213492168
1418179487
-1829224978
-450740338
956386999
532721397
1671011756
1100945721
1245765997
-1561530843
-1338738572
326525777
1764071413
1573150694
1542667423
656782557
341939279
1824899114
-564051211
-590281865
1674027580
1194740571
520698537
480498222
1476200024
-1403854361
-822484859
-1394873683
76589678
376528894
1132623205
1902380188
-1620559097
-243716710
882616297
1248264005
-429323708
-1828304193
663283045
-1565879942
340511725
1845124099
-1232517604
-1039494218
1424457417
-713852079
-1070692178
-2107881342
1899042607
-2074554135
-144453426
-1751955686
955432669
-215402326
1737825591
-1653085104
219594247
-1111984237
-1845253920
400127407
915366323
709608839
-1855804562
1948527330
1554412355
-2091995312
-1566888727
1994799447
924063059
-521825051
-196288334
-883677665
1575360964
942884847
1301101492
1082653207
138290457
-813986167
113588698
-1639674804
1685992193
1487179335
-1197373760
-2085056869
-1914679244
-80387206
-1542455892
-61652840
-1511023230
336619697
377533631
192343217
1093005352
-1207176575
1313867623
1844679570
-1236098203
1869906825
-1214098409
-369727031
1571057484
-944784208
-917413574
1371605933
-545695525
1575456176
-1894343324
-1790604420
699731789
-837195304
-1189302582
15908291
-577811796
1700627725
1020659188
-691116030
1020329897
-1057596143
-2036504656
1890661775
361790639
1442386695
2055250505
-648898886
-2081831883
-1419552458
199549433
1947266609
-885933997
1383856397
-1162389349
-1287343962
150465432
463943014
1892953252
-1196205394
890514202
-391607026
-428285101
-442408724
809113037
-723541627
808892967
374373998
-1889643240
1084638721
1730978705
1772750166
853428901
-355337544
1956109035
-810871364
1981040504
2059098207
390415272
304275155
470786115
1112682477
-614660149
-240038326
-506907913
720200356
1185229213
922145268
1923232158
-1930316207
871300249
332140458
444876391
-2107954735
-1154565717
-597510288
114779394
988319191
-286055
1520358358
-705503954
509699565
2032822465
-922076000
284459663
-1972742728
1360710404
-994439256
2135031236
-1512268161
711761666
1217942531
-358245703
-807833363
526367111
1996630883
1480140856
1427773206
778398276
-1429391941
845593798
1317681847
1537310401
-187888856
-1133480788
1498008513
-1199308654
-384045041
359497043
2114472728
-813423928
-302504062
1354498517
1686338967
-443018582
1060734951
-775107377
1678756695
1418502053
-1820772901
1378268028
867225393
1545268864
-314594989
1070407167
-1079190912
180988883
824926468
-1995030273
-672239317
-561352263
-867899387
1454562425
506659298
-19180348
568005041
-1636658224
1966497447
843041841
-661876783
778908456
-1761691249
509831516
282216187
-1310034443
-798676535
-529788298
1454376244
-186178866
-684524321
1898493044
-496533796
430936199
1995200572
-1574657974
-1016875573
-1426790275
1524952813
1282869080
-1957613898
625195571
-2101096533
-1146533084
1337563351
1108849693
761761560
-1652157366
-1799369779
-1775135300
-43232695
642671792
1174618048
-510546198
1319730564
1995512061
159409096
1120567414
-1391129782
733252939
1437955727
-1367059981
-405352553
-997631718
246007092
4444365
-1489622169
3692168
1861186674
1880296604
-844041092
1745709246
2023110657
-2100468548
1546818910
-37505619
-2004378565
-842777827
1800317347
143607546
1126942211
1534820439
-271410576
1533756982
1707068642
-1281725184
339083071
-1919727534
-223014030
-1658979263
-1700149534
-1585357743
855851519
-1667236953
-385717049
-1775120065
-1999845526
-94452682
-2135310724
-1526143135
-1689254832
568258755
-301402763
1002823853
-417495956
1623303555
-505140979
-2001591172
-902960583
822033630
-1347658550
384985725
804810971
761228681
-922898716
483074285
-1470814145
-1157284397
-732730616
-855080444
-217821312
427186238
1720976729
-87159630
-2090438260
-2132110000
1211318710
1662538891
-1165547513
-433467733
347671362
-461939458
995534959
-519352485
1130348576
859239373
-603160704
-1609861777
-1721436802
1099808440
40902361
765548746
1188296661
-1480396677
1164583134
206015290
-1656648850
314956027
-1223989536
566773193
1365553447
-810433349
1566930299
1921947475
1961915254
1399578516
-530468033
2143512664
-103874642
1982860965
-176460398
-2146015213
1260294017
-1900219001
1645922260
-1065339189
-816519483
-1491166523
-1198720828
1900831080
1911974267
1629118347
209222178
26149448
1587154444
1899380380
2020740756
152247123
583249876
-1199536503
1229046221
202112332
2092074468
1172079391
984958699
497373290
987349507
-353646047
1204771104
1681035815
110468086
-1913446602
-352714092
-1401414570
-1794159359
613753636
886828426
-829093509
392609709
-366198210
667886529
2008451670
2002843594
1127257627
1023008796
-1657634623
-733579593
481144456
-1259317628
691041211
747446240
-292063809
1389401613
1675964611
1352491400
-921918504
-1137186473
-673796502
1236968904
-1568115329
-192718538
1759708195
-1173139498
250386918
750990741
-1776383139
1350355338
1751616509
1977862295
1128955347
-274438882
-2100639008
906729470
1625728290
1439045429
858236305
-1487808304
-1628049509
-477737698
801148390
318110007
1605828186
379347801
717760196
191587497
168755351
-1412464551
474382733
387638856
-394891205
1805637515
-1206894890
804081034
102532022
-233662314
1128433245
919157020
569338127
1555500772
-864941510
677915651
1401200188
-2040547999
300583251
277172484
1908275891
779240066
-1254128363
-1683320762
-1816314304
912126089
1111891552
-720970955
461453593
-1560836602
-996454974
1325585064
-341515985
-1385241952
1498999527
1224158021
-1737889594
1351226389
1036990288
-1665502172
1153280583
252589950
658497603
-2114837582
931167573
1610525399
1039313922
-848490793
692373789
819942079
1724597823
-292835749
-2009307150
1034877051
-854925362
-568535419
-60805096
-702872512
23041436
-1352940284
-364464673
-943843407
-552676641
-685332205
2094832371
307186854
-1960369522
1163069911
1585577714
1287658542
-814144492
2054663947
372630847
94581207
1121883967
534376414
1588700181
1041674028
-850283650
-1180267493
-2132561698
2031133566
1069956683
-1552125046
307912133
-778781721
-1059515162
382869398
-1742447478
2101768075
2139233603
-668703953
-1330242924
-298111967
1866453572
-848833295
415255116
321144497
888332074
203700101
1087712680
-1474251618
68386377
1647543367
830436869
285397223
273780475
1603566633
843500857
1071034793
-1286891818
73065174
1800100840
-331755032
941105697
1506134042
2044911894
299701134
-635422845
-81362048
1949773566
-896115277
1367397117
1623803452
-141614815
586636062
-535520231
918185803
-974626911
1135811851
1185303395
693226968
-350649394
-25909714
484406040
-65004063
-182881791
-2040225289
1871617821
-76575974
662830248
1807535127
857407538
-1891338735
-1255070558
715902019
1655379559
-152553582
-2058515763
414485048
-1561915698
-1345667508
1076356828
-723501570
-124336015
1479402164
-843278483
-1228226448
-756632442
-1210608344
-533356710
-217784326
-31586847
490097240
-100752306
817937828
1900274601
775244257
-838745445
1232631376
-1495755954
1337246522
717048395
-1887462337
-643641926
-1485583149
1934604660
-1200339751
299938758
-1468485253
764970960
-594760019
539956719
-471453695
1734449036
-1609907275
426836808
905089310
-1083285664
-789644321
2100089778
849328018
663429599
-1936170040
896737611
773951116
-74988016
1738001354
397894948
1137867342
-1548802756
1641571128
1883843382
443264784
-1861950967
2057323495
-1718087275
-1087270363
866196679
252686833
1281099493
438471004
1763875081
1793987509
-1990296563
624483496
1873094775
-218110431
3702059
246844931
1647537891
1913729331
589620679
-1132704882
-1282911335
2056536252
-1639635894
584769532
-1536838662
-1502829210
1269448880
-1906260687
-922014901
830128633
-1805968772
1142668581
-558824502
-369334055
1152127468
-1059023602
1402512642
1880837586
1858834542
-727091522
1803883360
-196456424
-55958446
-314741687
478369029
245293192
-241425472
291109354
-166473764
1751386164
796789483
1841426982
1279456495
150524702
1778649478
1713563698
-1169109770
1877222210
275805047
-17505135
-227788239
-870043687
-1854666550
831406081
-486538377
-1537198884
-508147481
2061486231
-77792115
-116975930
2058568967
1173067048
-630333509
684588702
-1333811740
-414504213
-673796964
-978439628
-925181777
-851453604
-1683316682
-1263424342
1745000263
-1978503070
-1476322743
-908969163
-549830745
322286771
862127083
-81321435
-1859408225
955332215
-1332769964
-270954974
-798060090
512781867
-1464841994
1209554359
1608410286
-1536408632
1040327121
2009583380
-1841918631
-236755933
2004450052
1714601487
569330668
-273151849
-549612890
1976409708
1657631138
-1047522080
-1623191082
-529674659
-1086188797
-2118209719
234040336
-93692597
1540794708
1800189706
175235010
2050261718
-1112189103
-1649951509
-258790370
508690970
-433830631
28664364
-1147514830
1233386804
650528617
-75284056
-557619403
-2138505980
551699980
1286194999
-1089669598
915484979
-1072294510
1274714452
-1231798646
1634217079
1441839167
-1250330369
1491298982
-993550059
1127955014
1277737956
-571611477
1769660839
1148624183
874562749
1214806882
-248305121
-1534556492
-788783628
15728119
1466496267
1643619947
2031622795
1128966416
-1566121702
62129983
-71032512
993882913
1147071198
829865928
-1116207637
-63965698
-1607270701
-1803045378
-1681124053
1601092529
-358209633
2003790384
1500755521
562365581
1119607963
-1459225286
-1692022981
2099534467
1583297681
1622140406
2137790292
-1029601869
516161735
162269682
923116442
-1686915514
-191884228
-1453445789
1075673553
1922824058
-1279575247
-205787558
-1370331753
-626507779
-1460099350
1890697013
1252641736
1365685119
-966471243
1756927063
55203875
-711792254
794763051
-1389610725
-1316921043
-586134157
1814478005
-176324603
1734354517
669117438
21399122
609927738
1533824088
239157662
-179047530
-1164156366
-357483546
1950015090
625037557
1617577387
-1372174715
-867110057
-725366463
1256880864
314029494
571546674
559022960
1561885946
1858021461
915143565
1531467939
-395850810
236577349
1349679973
-2046040477
-1932801367
-932056500
-1719285951
-1646919379
-1024845104
1438208570
675566470
-999961808
1708909739
-328964783
680494601
627962708
523617435
-1385989920
-844442650
-1938759554
-548057367
-1096733904
-1129420657
404606226
-1200726278
-1597645660
-1382766041
-949643591
599893440
-1772187877
-341102832
1655064163
1091119988
-880289896
-911935294
1538823311
1203681409
740541989
-1022031906
177925577
-1549051453
1974200307
-235561598
1311357812
24015856
1864288198
1414643167
957150409
-2019681706
1335529615
-1855207417
2130656287
889822406
556578394
135608075
-1106047892
-1480425264
1668860266
-828841915
920566539
-1440785873
-950610014
1624916721
-977251905
-1104202106
-1549008859
1214364930
-218725129
1682673741
-1295639231
1832302899
928795219
568458501
-659707768
-1561974181
1684591462
-378664269
-1536213697
-1406867451
-1074925379
-1221656437
311450876
1851965503
1663770912
917272298
-738633078
-1902357838
-647245545
2128083593
752389903
-1358493454
-1463054673
1154035439
-257868431
320061463
941831549
-487250905
1703593972
1912207244
-2083629341
-1013394509
152771623
818321702
-400006510
-602277696
-2104395520
1762045560
1486181199
597735322
632615750
-371746971
216130552
744474721
-2099487697
2074842614
-1325166391
472389885
-969183671
-458570900
-1526667045
960502350
1658545308
-1719287143
-800132114
-1689899864
1667457040
1578156907
-310857625
-2140610690
238501644
-548230199
1018293659
1958148188
-1984312480
522025377
-28899763
1056208154
854155876
1291989569
1961836405
864091470
576486241
-490474778
69193539
-1515227390
1276489774
-527239534
333041762
699773606
66923550
1083286818
172860801
-531209656
-448289511
-424476769
-128806642
953602049
-185515256
-1021116973
-1604745916
1224017842
-923461258
-1218531041
-1536266137
-727029776
-581953677
1244348556
-951350962
1540476476
-2023190084
-503836129
-357146590
1904726647
107072280
959034736
2056697700
1670301076
-2055921916
26239869
749955380
-429430897
-354372974
1025910715
-654189361
1617594525
-1936339059
257820270
-499593127
1245645220
1238322657
-1525763015
1780447964
1623912428
-1470451911
244888312
-585217392
2071298071
-471543574
1636886477
1025950556
1551602766
-146450417
1513487993
-1050918500
-814308931
-1982710796
-1031262740
-1505778396
-1488314048
-143191369
-1304415714
1975265413
1605521246
-404618196
-245657825
798222478
988444533
-1043167487
1673621869
-443621355
143670839
-910930910
-119226491
-340304905
1800183636
-1737294754
-1954729796
1209740124
1981977208
1729735754
-457540274
-1220997057
332303224
664480357
-2131625033
1186346029
-1985918521
-1454470276
586694465
527410508
-286020818
-629302960
-329413666
-961011810
-101157444
1041827701
-589483209
-1798134137
-1785967366
-1350528388
-407032060
-792808820
1358120547
-1131713196
1809616029
1198716765
-1787375342
165650669
-805012015
183502357
1305339069
359481885
1777935094
-1939583041
728017889
416063943
419717697
-2144383973
1161305406
126671673
495345751
-215365470
1850554502
-1905105706
-1950585309
-92953656
1309858384
1450936052
698908650
1115125888
645421906
-1954882297
-737115748
180420101
-378376497
276186366
2116951147
1809522646
491451470
-704978707
672973217
-179629567
1538240652
1182600939
2057113262
639493540
1849631155
-1394246851
547479168
486171056
462545611
937078963
428645399
1181819888
1152537199
-882324654
-1891390888
893341257
-1814335292
413086002
-1029245664
548947011
2104699047
2044097961
1016332187
1976515783
-222070747
1221511849
317457367
797027370
-700896209
-604396442
-47974509
1206897258
-366599282
138900283
-2079356323
75545014
-1334817516
117217230
2048225499
1766068531
309712147
1906242929
1561104744
177917949
-268290541
-885012789
1592190434
1280179307
431431870
-864315209
-1085790527
-220630122
705130271
-2000384149
1534301036
-1827295972
118593291
371808733
-186815545
-1110214879
713707487
-686983327
-1906184432
-592908650
-1564516501
-177359978
1575810027
861878205
-742014419
1133902979
2038066618
-1033585940
-2124045631
752613116
2080994098
1117776272
2089407640
-331090614
-1767859669
-835006604
1226819048
86782986
-1541686090
884995139
1051729123
1165263189
23624564
1734693195
-2050526166
391557665
-799534811
-722837629
432663172
-309949978
1854032767
792363471
-918324790
1417017476
-450970304
-1336586367
1769097510
168088163
-680100474
202539811
-471372164
665937627
2095188062
1500483955
-236072153
1288804566
-697559910
745614510
-1204932632
347233716
-127175962
696465425
-1325247462
1777714798
-1426896355
-1595543652
-1940313046
1130755837
572146904
1415530521
-1271907513
2029367292
1175356488
-950809764
-1010926507
872076
737504325
1104835787
1891098150
1993172599
-1997300570
-1500294624
-1731211541
1423858327
833268691
155249773
2098498280
-537487496
390035095
-2053063328
-937155994
-2001251268
-1328211654
-1694550840
383216366
605683135
-1164581426
2110263895
470699955
2091298810
-1692079159
-1659103319
-1827916465
-2024906324
1525146836
-2088675708
1871340722
-1740003786
-1086154015
1062444897
-1299074729
-553178682
-69592189
1710150699
244043447
860048312
1183272057
1407525702
-686814974
2064939832
84260235
-1859162414
1358320908
810433067
-287009895
-899259344
1081535365
1968630351
1477282032
-201914428
-322182291
-861222752
2039840479
1110292732
-835878970
-1794589955
1556188297
1159656081
-1017568118
2095830027
-2139949315
-903525619
979248863
-323047079
952802947
169900428
-596972408
241440709
-2063241928
202990278
1762135711
1552052765
-577201443
732656204
-640257151
716576264
-1783768597
299090961
801149960
732459815
1955381738
-1714757077
1826512895
-917991305
1451232002
-1969874213
-296847918
4422648
-157651246
2101981898
1044291973
279023763
-1800912256
-138053739
1804130023
-1806191048
1775771152
-1203145077
1223236358
-1477836730
-864672519
1876482997
-1390145307
-1422963152
1421526005
71122198
-558031508
2132529756
862386200
-1227041229
-329886049
-210590898
1945465636
-809863211
1841541650
-1566786811
-389467878
1142829068
1551771292
-1259992923
-1523100908
449965687
-1548044981
-985171883
-388803758
1825417411
875859351
1659835754
1178723985
-186465424
-1124548391
-903501115
1061691043
1403962075
1282750717
1866696056
-49176004
-350648200
-1561074058
-1118028369
-1073607159
1847828574
-1262069390
40085965
-82652410
-1425186040
-34260402
1510760405
1023419920
1730670425
-829794996
-1849530101
1386009785
1496137952
-2067583613
1898646490
-892464293
-385030563
-588952810
-1514352648
-483551121
-1628496764
-1538475864
1133584583
627153183
1594380544
2044748815
-2084359682
-1239450855
1089687994
278877767
667290248
-1329115227
266906714
213186216
-615130708
1658022905
562954765
-273560229
-1572406675
-499600693
192959369
812218634
112675122
914973480
-261584563
365808598
1833742250
393576580
1150925869
-181779570
-361362711
1767974929
1814888973
983716125
-883830826
58353491
-645479700
168305474
19927497
-1623365644
124639780
625535111
-438579344
-521206572
-40040465
671530091
-1422808590
1350769764
-163875027
-1933069343
-397907371
-1947913164
774986595
-1968915203
1808922916
2079277513
639232774
-774224404
-56513461
2109975732
1575238138
-582492379
1487867718
805101023
1716041813
-972337954
1320847738
1735782441
-1991157401
-935937088
-1590982942
261445173
311338750
1802046685
-1072298258
-818181761
-1200339739
856321249
-1093683801
-217770321
-419714898
-144790905
89846550
-1464820943
-934016591
1707212879
-1854903066
728664069
1062391124
1786529133
2086022728
1458159059
2026369931
1826732548
1681738262
-1137355198
-384940126
-1103633773
667779899
-373477751
577198394
-2008537425
-1692887215
320603973
-617643632
15804146
-458944629
-1332523635
687241477
-140313037
-1847936044
1695408451
-1689435942
-1212030473
437861432
1851288749
-1226676934
716035622
157498499
-623959741
-745415811
-2065340415
-586201561
-1821774390
-1902247766
916759635
1486441570
638419361
-1583645634
1623244006
-1128376672
-476532390
-957215957
1972638008
2042490141
-326430581
1919973155
-1428844945
892545998
-677718810
395460117
1601280649
-156131455
-1268951417
-738611721
-148242729
309350722
-628702835
-209094458
2459051
-1458592767
-1585787669
-2135620406
-1007730864
-450041743
1026656895
256834846
-386883014
1027656498
1645257828
244442735
846264958
141820209
1519033220
412531715
517463171
1776801359
475716464
371841277
1972866809
-1650032064
-246499469
1445900767
1392484362
-683055179
234398947
1539777103
-410576432
1386324413
682378939
-1636084963
-1524561402
-997096600
-772333978
2146139268
-1624944383
-1140068947
246609373
-1822095185
1266871264
-1827102835
-267626765
21551743
-309318142
-1945443209
-1599560721
1523104907
-1088381512
-2113256210
1824302427
-430031769
1657759803
-203219608
-1768054501
448624169
1978179808
252657529
-1889251648
959091753
-666189943
222626097
1020935454
1497433863
-935521697
-1562550591
-127959781
-1683506703
-2033248579
1044910692
-1627413047
-14825691
1512041839
1791936123
1858766263
-1610649419
1563188763
693552634
703993219
639328649
1135943167
-2099065085
-2104197196
1001159338
-1548333604
-527635505
-1291693626
181186749
1074029361
-573934123
1021192837
-1594245684
2016538796
-1035294940
-2086897250
1921821516
1545929181
-1428005356
-1646320526
110196827
-721813972
-1694632163
-1562237907
-1770233784
-63092979
1413243142
-1798606569
1762559320
-1520171663
1717882689
381538089
747897799
-1895835009
-1860522347
1936936931
516010253
-525310077
1355399165
1075682652
2014907233
-208608986
1937669584
-1667800422
706551170
-1005641249
1727868705
-959224541
1661688500
1761406889
-911454872
1361781716
-1820870904
193161462
-1173544863
-1023930640
-2107932703
-643052317
-1496861645
234859899
-1222985550
2024805036
-1711436331
-219397175
-1896087540
2021196897
1743307181
-527380655
1623933143
232181977
-251441031
-699372602
1310700511
-262387481
357363314
1995339112
-1035864686
580139979
-1224501074
2005793942
456602631
-624187669
-1853514555
1945919144
-834487998
-551375677
-346425673
-2033444869
1182750134
-868120808
-1564071667
-1098767540
1179021066
-1171396493
-2128153795
711555657
1127397152
160465101
-2068608430
382045029
-722940078
1283561862
816396236
-1839875861
816864254
-470877028
1532461764
1000944982
-477344700
756849432
778258260
-320614177
-1574348274
-857430325
-1843830731
1300859990
1978009168
-1888283846
1594869416
-722467531
-1465412208
1854124502
-337752934
-363720975
979620008
216620400
-1113172734
-1301082733
192908746
2006444267
-877449587
-1283136121
715015621
1506919730
1324545149
-807627596
1266628998
1454740076
128063950
-1943090996
-1958155296
-1518923666
746717850
399443684
-2056522865
-766369167
1771392957
-503236538
-682464902
201185796
-421347140
-2011778938
-2002684105
1196473667
-597045278
-1039335213
640076244
-802767799
-1115525972
1744186510
2128866516
1521256930
630421606
1322717984
-381300361
171658117
-257824491
958538504
1387726399
371905665
-168511849
1791076914
1906270894
414179445
-1071122936
738613135
-1714672813
-1153498876
248235880
251904481
-1989676537
1715745481
-2142111366
-1725036586
693745268
311053705
836208622
-727130792
-1823012138
145540007
-1954195518
-1561748957
-1569898235
-1583258404
-1776953884
-1437393513
209839026
1376720934
-1094493157
-1416913969
881524720
-66993919
-1531084760
-1900435471
38011638
-1361394732
-1669222104
-1109979193
-1926483933
1465965998
-732575940
1830640782
166196033
281625393
669608299
1584991502
1794020109
-1497417010
-1844613690
-433201942
-1946023945
-1223776718
146708428
2124918073
-1819870427
-1024905473
1270044944
-451354028
-1045483075
1527057087
-1905100776
1900038897
-70719389
-1840281067
-688733816
1572725872
-1775639808
-1478695116
-1222498432
-721481611
-917162811
-1251866731
-1531645119
1983909814
-1150876561
1797006564
1971580182
1604965909
1975636172
-136998598
1774886513
-1418687504
-1532167811
452332177
251990611
1464357048
-1018392580
-1434431116
675198961
885723840
-967396128
650508022
-1852159084
1338216535
1667958112
347444708
-822810176
167695896
1848958229
87485245
251965592
1954991743
667512835
1598783970
-143289472
1899869888
-1002503975
451011977
-2121448188
1056672979
1451931512
-1229680393
-1542890761
-355743021
126278577
1668090734
-59174689
-67435640
1121679442
-455677597
1116097680
-1551289278
-408966557
1047897204
280480022
-342958104
-1691737939
1317764760
-1569682472
1433421647
-286552197
-523311977
479135737
396055247
-157934428
334431165
-11496447
-1572732652
1317078983
-1310751030
-1824254532
927756081
191369944
233745964
-1168045982
-2116366854
10120924
1277704047
671498487
375445650
-1599786768
-2034579468
-520743692
1391042626
583111567
-281227552
765183783
11256204
-1123055597
-704048553
658530007
2047039103
-1658233732
-256222230
1788038443
-1553450419
-836404881
2102458445
-1857190709
1078751770
-1461224318
553909837
402384839
-1355297002
-2114833738
-76836608
-1637339208
-801956403
-1962920124
667980093
-1092242396
1189508797
-691979620
1380020814
1832497958
-1007451095
-428460630
-1814878748
791478350
-263335636
1946619226
611341130
-112247355
-1226803696
1540385374
-1207415331
-665713739
1307686368
-1206859474
1678933692
1155832295
-1347788485
-926415280
2020750779
1667180460
1630540394
105704153
-955116132
-65634815
119445173
1594916146
-682782848
-1960845331
1981683953
-901834209
-1733156454
-522293970
-1541873315
-177497603
1795771686
-701885676
594329263
1399916107
188184473
427435947
44133481
1786487659
-460641510
75240223
-101807504
653415080
-539268560
1293986652
-2123302434
-1392144262
1955269307
-1196349963
-1734823146
-1556507895
376589352
1428603974
-564827879
26561775
772742368
588160475
-619082217
-612870078
1500496641
720710931
-1624208055
1773538768
2069027919
988512768
-1034007043
1605651628
103999852
-1519239279
1653298162
-1523534359
1503844423
1630848755
-2019421979
1060593829
79970770
-1967049421
-1208534165
570575433
1475825399
487593767
65027841
-215415026
493844684
1970861966
767039841
1409054402
1129814020
31402870
918829334
123896267
501413800
246710493
-1234161326
1497506412
55598855
-1272597605
1097881343
1204829766
-356563221
681495678
1724422931
-2062412766
1745268237
1897123510
-1699334616
-252558867
-1916780342
1465669491
-800065205
1720821507
-1833842667
1924600780
-1684383725
-498227536
1810502575
-1066127134
-334921739
629772018
814076822
152316485
-1002630954
434186115
308548794
-82142570
-1671017758
-1689866985
-145140490
1185608300
1115866523
-806437662
1944805949
100612475
1268974644
1645278300
-1299220205
-1389937165
1427471136
1655458120
67589695
-1988045275
281271013
837443057
-1240387650
1564481644
513389621
-508734025
-664155910
-681005750
313051454
1166536137
-1134619076
-351821871
1580245056
1897389619
-601545890
1536118851
-1779160224
783730459
201732548
506293500
1268881852
-319410618
732053900
2064455056
1069393342
1973375201
1073838595
-1812624336
-2033912651
758631806
-478141093
836245841
-1672782943
-1701287332
902968218
1860568462
-1559618227
187923435
130513110
418500045
-431262301
-1770213490
1935219359
-26413663
1496516155
-776192350
-1407459141
-511304721
1615329332
-1045180994
-843424488
-1895746093
-761338041
287013948
819273470
-1147268156
1330571801
509732856
970352003
1635751157
-759280689
-394122921
1009386820
-1857540866
-888616217
1584335755
1981904209
516333499
-1131777722
-1228733164
299317097
2035816308
615995788
-1571244919
-1394339994
-86836930
-1827015249
-865606249
250330618
1193286560
-1680430393
-637574582
1160655515
551437176
497866278
695473291
1520789691
-1496970465
1952092075
-454935575
-670604227
-264071221
1221180759
-1989821541
1351024931
-938098379
1203915808
192595141
-1499100533
136613755
-1220107771
4743418
-1022210853
871576390
-1753440926
799711490
-38496453
505797679
928429445
871003100
-103817149
181277022
1012273280
510487046
-1460076043
581070964
2029494848
-863508229
948879597
-1799817558
1273735390
-1052732676
-103345450
1127888954
-195552715
276555539
-1325017056
-1106892291
1918621364
-1980539564
-360121105
-223780523
1745991028
-1093958811
-79612586
-712249780
-1951416948
1473305921
-1760704316
993080317
-1202708316
614174264
-1803214658
-1544395982
2109131464
1096158777
-1675948338
1192459086
1094687614
434335571
1871773115
-1112738451
-263283687
568719225
-342130183
954367433
-530790577
166662789
1416363363
-1014931617
-2024720887
-2027036545
1300515367
598181329
293586298
1820451870
-1457151744
532560270
-1365013902
-1641310834
319499946
824310319
2109515252
481090931
1077152915
-1333585116
-568439035
201833517
2038927566
-895416689
1131619782
-894852771
-195417780
-1178842513
2018190277
859191208
-645384627
-415640575
271039887
1582082234
759142419
1806957922
204474761
1099865486
99083225
2019316088
-570425345
2145418987
-484150269
1163602451
-811390851
-2008106447
770361237
1275628622
-939767715
-1518596523
1532683497
-1683232965
-1662982495
188294441
749646748
-1574528834
-246892286
-215614240
-1569685047
-1714987847
-1688318391
-398334511
1870145657
549653097
-314603044
-195618693
-1137605799
531710991
17941659
897263561
-2086260819
-919470894
1861658348
-1246899306
-1662007675
-3475229
111939604
926154610
-329841107
240823266
1215471304
233099686
1119330025
1030756736
1048293123
1551580789
386373345
850238564
-354885350
-178355292
-1336116902
425113426
-84640243
1148737596
632800550
-1568189302
-1438954209
-1546136434
528961118
-359327890
1461038759
726423160
-866285747
369206374
14094376
-871111195
2050024622
-43056377
-1071116897
-2123571815
-1364143846
-478839182
-287255524
-1248666578
254927803
-213080070
-1785816684
480985433
-2103816635
305094665
1563966965
614841201
-2133674457
1769802051
-1868338823
1717152050
-1160844035
1796753899
446479422
-110013507
528825415
-22675578
735765270
641746147
-1537066912
-78296899
-1539463780
783433122
1043484328
688114055
765936007
240423151
-1319533821
991923591
1807722306
1767106229
-1866133369
-1311101774
-791254085
-144397539
562684272
1364661812
-1240366213
-1708347888
1356730967
347678100
-1050404106
-752306439
1514861731
-1164843499
2141855780
1265701071
-1210563521
1937188959
1241141583
-1267969454
80249997
-257307041
201975086
330294932
1485420698
1241706858
-1684398029
-230549062
2046618258
-1911896408
-409375967
1349103107
107624053
-1888557649
237420256
1467170057
446581770
-834415250
742357396
-1164646073
1124703252
2077754188
-1781731093
-2086853670
-259480381
1000114320
-901229130
-1616803189
-1644162707
-1123393022
1853930683
531571213
1584308605
-810484269
1886937288
-1983025022
247597739
2114274233
738947595
1270496323
-1311028627
-883524770
1868826273
-354684192
318905004
1203811578
-228327316
-1203438491
583957947
273324094
-1654195159
-326992161
1200264580
1809235315
-1756652096
831870494
729692675
-714148637
-774582818
-501464133
1152975608
1542594679
-748110656
-6120612
705083608
613647265
121421394
-143200458
-1023057660
186953084
1985631096
1637974227
-317499075
-1357815504
-1780812630
-1597343211
1866413654
948379803
-964857402
-1738788230
600463914
750271789
1083243297
3015840
1634366672
1287951123
-765515810
1724413963
-1467652851
-1496296809
-29309
-316947674
-597283831
1181973445
2132065480
-1399985785
1159784518
-952962990
-1868843086
-1965688201
-674821171
190726073
-1946929952
-1032965200
-554942039
-2118413913
-908508123
1656687720
-661670247
1461539481
-1721292714
-1933480818
-276514560
882083522
-1379632540
-940141485
-927931360
1772414769
2110908844
-864520213
-819639673
-1441125069
-240833139
-506621036
-797223992
-1968689163
-657916869
324500439
-1674231442
1030469742
2038766290
451128845
-1334997202
1895051131
-502342994
-463837916
2065670747
-1060599221
-508323847
-620792157
-1123582818
-1625024260
-418116220
-176849942
-2135071259
-1419830394
-1163882022
1643367358
1770897819
-783204136
-957116014
1008994309
-656637158
-2110098368
-1935090971
1378108365
1105655133
-1449091825
36015743
1786185106
-1582446086
1716991100
313379225
-109401664
1325179726
-472918584
-1604166329
-963253898
-2078044679
807480483
1536304910
-1344304756
608837004
2049172942
1148182201
-756845097
1217077377
-2032433664
-1409913492
-1299723093
1082335083
1348160269
1121133049
288923296
-2048189586
-256541883
181294706
-1146526055
-25411600
730187546
1973443326
1206353410
300972944
-292708091
1554627056
912855384
247411798
-136073303
-723310315
326654190
108301100
-727335369
-758465459
1460869613
1433723533
-1607545068
-1873203876
1012052891
149265531
935933113
1013140737
-1880015648
328156086
65983707
-2072448696
1002731014
-14904278
1957165515
2039739676
-749759808
1969034920
-323267042
1778326816
-1743183763
-2073476135
224927376
-385485378
-746419043
-68066705
1015897637
209452671
1135808467
1088394396
1471146129
708490909
-100663156
-1173829433
-243101991
698048214
-145173888
-1137737347
1001028153
-135625598
517817895
139896997
95670600
1478535655
-1809281922
1687282167
-1832318119
789356492
574907146
677646511
-1543399900
2060543051
-169645027
1234437245
188920230
1348639467
1773291351
1214939582
-1527273915
-792202771
1115893359
2043418865
1402255670
-341767962
-351266253
2111078755
-919960797
-1444369267
-1337216051
163605293
-1215984377
1821342678
-537291193
-1756496800
-1330620580
594758207
-271932336
-1987351170
1181495160
-1279667351
1942124095
445544747
563574580
367694825
-478731176
369529635
280904398
-1114842272
-1089670834
1564940910
-914591472
-1966314552
316905737
1099299538
153526705
1542994448
738412457
1809740169
1218555386
-1512823829
1404271817
-949032652
-1683585108
-1343246619
-293183737
1541677327
-13983200
-356440905
1992770500
1563628389
461588912
-1587175205
-1813811416
-1150922939
-950235819
769385313
1682985064
-92620427
-1090347375
228130051
-840778165
160622758
-2113483889
1253255287
-172034071
-1584951063
-29919352
-992975612
-2059309642
-2008108447
477410663
-238311848
146577086
135954234
-798922577
-1176719977
-269986255
1101802713
-2121592676
2067521463
-1163676382
-2140789676
1906352520
-151212790
-546179957
-814987740
-1175252848
-1318167012
2015902612
685258009
285242743
83646910
-1127127532
1307761805
1500833481
-192661406
-1860061353
-1195137572
85619779
1923692714
-1372818143
-413593325
971236210
-334370502
1286188787
926262502
-338423143
334896085
876262796
-1903728153
1849566679
976254375
234882738
-2004917003
1744364169
1634218207
616280369
-712915726
1256316141
1209852801
-152603356
104773560
95640583
430399353
1205216370
1162811980
1509562311
1373634546
-1737750629
1156544596
757478763
-397674520
108153524
1093078726
361047586
1270380027
-1354385744
-1051736606
-257405967
1581494662
-2015282464
1238324833
1251379418
423703792
-1656157508
1864437230
-228254662
-110626495
1432572899
1767040725
464941682
-745658632
1301794912
168814330
-1822176566
1377800219
442480942
-1434650101
-1300179055
-2001127538
1971576062
-1731413255
473349256
-953845336
1616830262
-1027481437
-756674688
-191256061
-1336548547
-912309804
-1781153984
684669587
907683829
-2139118481
-1397816147
798998521
-932554872
-1359033367
-1755004380
-160667879
-1993175193
583039734
2049373482
906932201
-1672059760
-369533818
1676222023
-1181122164
-1704957937
2062092274
-1257454802
1997466526
1929834438
2138281074
1362063137
-325048111
1546528623
-1677955118
-315763309
1347598008
1040952802
1821076581
-1755055346
-1572956446
-1131396461
-429901255
-1773369258
2017922347
1031817055
-1918386292
1461693391
-697274546
-773055865
1917453437
1966353691
-569714243
-1253733124
-1828805114
-638871801
-384639564
-1537214244
910230569
-1373856857
1940290699
-411255748
-1935892631
-813885762
1149109323
-732029912
-899851909
-658550172
-1405247100
1417073639
255233341
-1876135454
-1687307683
-1343433598
1412379111
-390060320
892692204
1418328199
307264895
996676802
2060688072
1612558346
-92816750
726369870
-1769417765
2088691948
1870873888
-551134831
627860092
-1198672033
991814359
353125891
-205152580
-511147352
1508567684
-1281892119
-801988865
-620709337
-1593250106
500892666
476791758
1039619732
1007149060
-593724859
1611181292
1365879691
-1563764320
1909004113
2007395238
739986761
698158700
280796293
-1170995601
2029129399
-431716260
-781643574
480420267
688217000
2052370301
-72782226
-1836850741
416445279
-1062351834
-1787376821
-1779672423
-719632557
825620588
814047016
1664950228
-938606027
-1918159654
1816202334
1671252735
-189826255
-1942645663
108482238
-467301771
1432557940
1666954125
292992178
1296895425
118418414
1986719482
-934656351
-414686420
-1123878568
-1131934459
-214335336
-100656490
-424211336
-1632350523
907788838
-78757495
1474461859
-312599492
1905809542
294587531
-911879549
-1546403895
1985644291
-1803402829
-659162854
-1704860447
668152216
1614821502
620088070
508481022
966266326
-958496030
1525281798
-193038890
2030730762
311268259
1798848188
1335562192
49183390
-860228122
1076573876
811637683
1815883199
609282563
1497327269
-446594912
1023223104
-1359905889
-649087243
-1970969790
-1112523075
-1949276936
-1991593854
-1897747645
29209091
1688621954
-541939809
749104129
-298394193
2120573363
1355223900
432383105
1102297620
-1444160997
-1806330614
1953368739
47847009
1773639606
-2129300483
1792791959
1161364483
-1644259451
-229076589
1855798159
-1713040312
-507080870
-2146887307
-291268938
1491618884
-220291596
-1030000100
-720542369
-194841864
-784635829
1360015767
210999681
-731341393
426194987
-2036721014
-2127041693
-1787355477
-1363349497
-1808243335
-1082580077
-1860486655
1581115398
550885958
271421468
590431425
1463814242
880901624
-1267525385
1416499801
1563604210
-648161091
1747429313
1186911290
1921932804
2066749489
961795758
-1479225413
-1981035920
-582446624
-350414147
1679560254
-193106199
-2112722423
-764158675
380267409
-839489898
-1607441755
1694840878
598124181
1653596384
-1964435801
-2025895204
-797091804
1704401037
-1761270396
800217192
-231476176
50014221
-1771695372
-737663336
1015560487
905137940
-1681596678
-1720823951
-829640290
-11829912
-1317823966
-1226343887
559492141
-798083333
-370312695
1455599490
-177189481
-769645252
-743099870
2092383469
-1578524370
944957865
196711606
-1424565364
1065470837
213517736
-696991700
-898691581
2007548678
1227221911
1081760906
-15865424
1321218998
-1638494943
-9589445
-563232991
2134536182
1295514323
-593462510
-825338426
-76770180
1284565230
-685237618
746172135
-471023071
-313250434
-465169825
899515351
-897609203
-113013845
-2032785879
1182921578
-198825968
597909582
-1454651001
-545713501
-1710192813
-1482423353
-974831790
2070566066
-280097489
1159656717
-2040862430
-728236516
441464412
-275570170
1941277460
-1267984581
-336457138
-2043879144
-396458035
1711116777
469305563
-1285853185
1445550271
-522873224
1261032992
-1740698656
-1203386710
2106076132
928440485
2035807902
436119142
-1355632821
209407423
529530220
-551477793
-1222259043
-783779787
-1069722460
-1641761441
1781004943
-1144935130
-917054250
250394898
-199719980
232543018
33498402
-947933497
-1903503473
-1596399690
-1140015414
848946164
-1938518270
-764723516
-561269246
-1764993028
394282635
1326420146
-191020022
-399931725
-566071343
-1823317398
349703806
-23734495
-1934847174
-1331575870
-459503636
803844741
-1125206880
1269751846
-2047457881
57640861
-1782722749
817757556
1323065050
203963940
787586304
-1480784601
2066753759
82108060
903552195
-1260979274
-251992879
619475533
-86471623
482150974
-849333665
-1445896308
-658323254
-1404830114
29645795
-1551251904
-1071952954
1669293154
1493356466
-820862814
178337245
-1687052382
-310224203
1646111811
-1150870060
-1929730772
1606023224
63332179
183146102
774192288
43141889
994733599
-515268665
-1299387557
356324260
-1836669733
1774286719
177532376
-237160427
-1094641247
-1385857866
365618002
-1695600513
-749339975
-2035016997
1431703468
537587027
-814973670
-543494166
1576949653
446007970
-2043826383
383427038
342121191
-980786001
-1202768928
1674450787
-2085203632
-2048368192
1113598409
-811595825
1707314483
-993426124
359056075
-868936109
-452278064
-1107812390
-1690218548
-222303123
-864181855
-281661057
-2044345159
425199520
-277486073
-1969172536
1992751306
-1086116249
-1392535259
719496770
2136418058
103596134
-966471412
-679091273
924021526
-1165666845
1880544024
-1947785021
-1166248412
-1309121933
1340215961
558910374
-1004791738
1535954680
-1441729100
-35977894
-1325843984
1289797322
452691083
-618079256
920514999
-499125197
297821852
-1963008522
1235051099
1599572001
-1513762202
-643234908
-472748793
188803350
157766481
-1477293927
1600177110
1607030114
-1558214193
2109461336
-963239783
-528857964
-104117827
739163607
274834391
-1925549010
43367183
1864979282
-588013548
497453975
-973905748
-943597732
-730311338
1891339093
-1492375145
868624950
-742104860
2136767355
743632974
-612311453
854713681
-85979809
-351597450
-712928389
-2074497352
-630578032
6478519
-1959810497
-1891379384
-308249850
1272209125
382445037
627027970
143185051
-974429088
-887828778
-322244159
642938298
-693976900
1779296813
-1100187014
-1900818091
1568709795
-323675360
-1176036667
1721803292
1035200250
-30392020
1638741916
1621877483
536041026
-483366995
-1425652639
1856789123
-855598016
-1218176332
-345810651
1282518652
-55005216
268023068
1852860710
-1782369926
-792440490
-659555361
-1960583782
1740693662
-309711738
-368797019
-1981376342
-1840102337
1647721894
2012566941
655008960
1356212186
1472224288
985793680
57086981
-855548602
-115994692
-1821725901
-1118579675
856293163
-1037429762
-41532740
-1901561259
1847584437
-1829884468
-993785673
1158499222
1191856259
-1671284908
657614617
-652344006
1338879205
-1154644436
461621653
852634023
-172181689
-1293545542
-1120209874
915854682
579432679
1098575829
-1657950451
-1295884241
-602666290
1366177196
-1402610796
1623871198
1561283325
-169600282
1196836530
-584558392
-1386080027
55314698
-1059468168
878937588
61922588
1422528801
885563628
-1484871341
1492166734
1473100186
-94842339
1448983371
-292465295
-1498593684
-1271113865
398973042
-420799684
250273665
952123992
1958996122
-110149415
-1170523822
-1269439518
1282028045
937617880
-1732533298
-433587182
1713724697
1927687527
155165568
-437565935
1057074126
830008512
-528713489
-717556278
-1018074619
877796578
-883213752
1522989756
-992355932
-369789053
-232758470
61021200
-1221845215
113166148
866254625
878920174
872542788
333005606
666095974
1369604107
-1464985808
1552723260
-662495196
727168390
1076683683
1102129314
840041743
-1993091596
325145724
-222954835
261908625
1433612217
382695293
-1716081821
2125400885
1078739865
1525493074
-1612891859
-648330936
-1782840946
2116978642
940004298
846742717
991461083
-1501345660
1922028167
-762494639
-1898940064
-1085324445
-847455828
806190831
-196133840
-650139163
1130783545
-2076029356
-983451296
1861976633
7347922
1708432374
-621613791
-1932669232
183295222
1419922722
-574431727
-1102304737
-1276053129
-290862237
-1508061491
-1947936094
-1636009690
1301832234
-2067368758
-680811741
-1589850419
1714311851
-659863451
-1435708613
-227443871
-394935804
-1587264968
-276669415
-1635910280
804775332
804100526
22998402
-1553546248
267260394
-505325351
587161368
-2061625327
1461882636
1101453698
-2068649506
1398878828
-1810933702
-1804304511
-441518597
-382406748
436676866
-16628657
-1578401603
1528092661
1578597622
10545113
-867082527
-1159827918
739796363
726850198
370401040
1789786620
-867607997
599864539
-1180462931
2038513968
908617486
381177709
1916809933
-121117535
-1071424275
-931344040
84676486
-665824250
597223640
369313534
-706525332
-914649802
328840418
1847694962
90034520
-1835984238
1496840090
1114825990
1049309803
1789920449
1547048371
1511768610
-2040319406
-1250907230
147536358
86354775
1826033611
1041676926
490669846
2064006579
337836390
-730748035
1921763509
-749229994
-961032560
-1937928613
-867646106
2047685701
-1290703667
1958544987
202676195
1237841277
-816968380
694203259
1439805985
1956444491
-1868597632
2061466344
847605425
-2032171558
-990443916
1625711284
567039081
1570193165
1943656640
-1916930875
1138520131
1014187151
-1235579598
1169054992
-231151228
-225927897
973763214
818591495
-1178061792
1933280080
-410248815
-148947376
1479574876
-2036832504
2005767219
-825928010
645164725
1666889960
-1332681427
605790052
-435961088
-1574120844
1766679482
227509583
-1038931502
378376116
383588256
-515307276
-1219558111
-1686278653
-1080733327
-1964987581
-1910207189
-1042398170
1134166798
-447564326
1646675606
-645011553
1865391212
-1864215946
-239126824
-436907197
-1597542246
1624384934
-423986472
1749754634
-1577130238
1761566913
408626133
1315010854
-678822674
-221806823
-1122337145
-507207594
344316750
-1301274000
1256269955
-110035077
574129336
-1379155286
-1292789789
1975267947
-1441865809
-1991433020
-251594459
-881435644
1694146855
-1117336316
-446331053
101057924
-983180472
1513283698
-418397596
-1315823848
1208628338
-30201466
-982112286
-479005262
5638785
-171953118
1525764556
-2124664289
518653521
-960908095
-1082089539
-1270925992
811459460
-696668431
1892535885
1946576407
-1071419262
841944830
-792190794
1916748717
1128991425
-1831097617
-2036989766
-1798155758
-1856169147
2038226614
270940356
1011168061
1655723882
614807458
194522189
-604733002
-203634207
1245766423
-247156095
-344440728
-110630921
94753921
-2019068127
-130092101
-305776867
-1767123322
-737999446
-90654750
-1433188700
563608442
-1684544841
-80942992
1688797639
208281880
1139365795
1382690097
97230318
1137867629
2064700530
875167799
2117052721
1006656279
634063857
-71433934
-931922662
-153443665
-1644679653
-1993430523
-1006528081
2101714819
-201661251
-1931986795
-933253970
-1021232760
771225181
-2079596061
2016037146
-924471666
330478424
1697161820
943624950
1500794037
48271690
486555503
530015056
303357983
1083218097
1871859296
-763254656
2096089062
-689338156
74470492
-1468004687
652207696
88856033
817583052
-1683391328
1870061633
-1173166763
-824419603
-1161359197
-1061068816
990063776
1545529248
1496369645
989875934
-1305930233
-278055810
-1331004912
979843842
-1832464436
131842863
-1903879486
1899977544
-483563123
-558712837
1850852323
1389487932
1061151721
-596059487
-843088450
-495733246
-1843063191
611143783
-821202033
-2127079287
-292057188
1260020594
1846495812
1533682432
-762260605
1014819671
-1487298681
-1605117560
1728027695
-371119375
1174992124
-1309150166
-1257307992
2018457460
1794476999
588426762
1115596305
-1821492030
-599067568
1182487517
1542086409
258421501
1587697226
-1749514856
2028068179
-876291747
-1658145552
-1473618071
1888967096
-1965553086
-581258351
-101073430
-1594468821
973388940
140222031
960172436
325180974
-1731377622
-1592411357
933655921
342616437
-1145654287
1975658275
-2027029227
-2066889528
511330990
795264007
1456893390
1812178221
-1280998018
82115049
-1966745830
1986775365
269165916
-2104733365
-541147560
468438262
-1149426182
-2035406498
712364482
656741194
795913173
-943714687
-2019862885
1382771350
-861257853
-1251052281
693159588
759123678
1411508815
-1814438851
-1655287596
-1656787337
1244923911
-615211606
599994695
379278574
1194123795
1066921112
1675039862
1145790504
311060425
466274771
1520564647
-705666102
-1875863552
891154352
1495484583
-1166041382
-444436509
-261359024
-732426569
1241900966
-921013498
-662876123
1690015427
1520100
-134537026
243502773
-885206823
170775322
801172140
1566080926
182336728
1401891136
-2082176869
-699868711
2002603111
159483811
901088651
1274237762
228159529
419008011
-2136800755
-1589066153
21120046
-1868345824
-1075304495
-1337823168
1473744812
1905124105
1963539069
-1045460210
-763556882
-2079957163
-1594510913
-305412025
-1446041972
-1751567074
-2124289883
-932941918
-2012925221
